--- output from CoordGen8
Specimen ID 	LM1_X 	LM1_Y 	LM2_X 	LM2_Y 	LM3_X 	LM3_Y 	LM4_X 	LM4_Y 	LM5_X 	LM5_Y 	LM6_X 	LM6_Y 	LM7_X 	LM7_Y 	LM8_X 	LM8_Y 	LM9_X 	LM9_Y 	LM10_X 	LM10_Y 	Centroid_Size
DIPalp14_d_1.jpg	0.070979	 0.340826	 -0.0724213	 0.338905	 0.0206917	 0.117765	 0.241393	 0.0699346	 0.0799296	 0.0683788	 0.278296	 -0.250062	 -0.0755861	 0.0630887	 -0.251403	 0.0666419	 -0.280976	 -0.264058	 -0.0109031	 -0.55142	 830.239	  
DIPalp14_d_2.jpg	0.0655149	 0.368605	 -0.0743928	 0.367098	 -0.00873853	 0.135421	 0.245914	 0.049231	 0.0672754	 0.0500542	 0.244416	 -0.275762	 -0.0812017	 0.0571954	 -0.227571	 0.0546414	 -0.22893	 -0.24022	 -0.00228666	 -0.566264	 929.24	  
DIPalp14_d_3.jpg	0.0800752	 0.344325	 -0.067581	 0.352267	 0.0166513	 0.0880775	 0.201494	 0.0760443	 0.0621985	 0.0802727	 0.258342	 -0.261066	 -0.0711862	 0.0772158	 -0.212884	 0.0814757	 -0.2895	 -0.264697	 0.0223899	 -0.573916	 832.501	  
DIPalp14_d_4.jpg	0.0730016	 0.354425	 -0.0862752	 0.354774	 0.0037206	 0.0337413	 0.237251	 0.0699007	 0.0742835	 0.071427	 0.280392	 -0.228472	 -0.0716803	 0.0842041	 -0.219933	 0.0846992	 -0.273031	 -0.255373	 -0.0177302	 -0.569326	 816.284	  
DIPalp15_d_1.jpg	0.102378	 0.355907	 -0.0883346	 0.358658	 0.0168765	 0.025711	 0.212754	 0.0907087	 0.0598885	 0.0850982	 0.238042	 -0.318551	 -0.0835731	 0.104687	 -0.252446	 0.108403	 -0.224705	 -0.282493	 0.0191201	 -0.52813	 870.346	  
DIPalp15_d_2.jpg	0.0892268	 0.343734	 -0.0957465	 0.347197	 -0.00951877	 0.0110907	 0.276498	 0.0828362	 0.097387	 0.0826304	 0.220826	 -0.293315	 -0.0801169	 0.104931	 -0.270974	 0.110876	 -0.259327	 -0.280769	 0.0317462	 -0.509212	 843.217	  
DIPalp15_d_3.jpg	0.08085	 0.370943	 -0.0739783	 0.377284	 0.00296531	 0.0565275	 0.201922	 0.0845968	 0.0688887	 0.0789015	 0.210078	 -0.305779	 -0.070802	 0.0920523	 -0.203228	 0.101191	 -0.232596	 -0.32108	 0.0158994	 -0.534637	 1077.71	  
DIPalp15_d_4.jpg	0.0950804	 0.347912	 -0.08452	 0.368589	 -0.0167339	 0.0784337	 0.229456	 0.0637497	 0.0757455	 0.0825404	 0.257749	 -0.307032	 -0.0853807	 0.0888576	 -0.231169	 0.0973108	 -0.24664	 -0.323422	 0.00641288	 -0.496939	 924.552	  
DIPalp15_d_5.jpg	0.0978158	 0.34681	 -0.107069	 0.347431	 0.00261197	 0.014818	 0.26723	 0.0875266	 0.0941857	 0.0918191	 0.244364	 -0.322418	 -0.0902864	 0.10171	 -0.25194	 0.104957	 -0.274732	 -0.314094	 0.0178202	 -0.45856	 878.591	  
DIPalp16_1_d_1.jpg	0.0824931	 0.342008	 -0.0786839	 0.345919	 0.00807291	 0.0120288	 0.223674	 0.119803	 0.0612213	 0.112588	 0.205819	 -0.308226	 -0.056841	 0.111382	 -0.23049	 0.112387	 -0.233335	 -0.289096	 0.0180701	 -0.558794	 719.922	  
DIPalp16_1_d_2.jpg	0.104271	 0.338472	 -0.0994187	 0.349175	 0.0242067	 -0.0249479	 0.259284	 0.110309	 0.0855162	 0.103674	 0.229368	 -0.275837	 -0.102268	 0.101124	 -0.270061	 0.0993375	 -0.231541	 -0.264175	 0.000642416	 -0.537132	 649.819	  
DIPalp16_1_d_3.jpg	0.118112	 0.343943	 -0.0864747	 0.350665	 0.0134643	 0.0172609	 0.231255	 0.102979	 0.0863881	 0.105702	 0.19062	 -0.316123	 -0.0961092	 0.113103	 -0.272824	 0.107664	 -0.218936	 -0.312119	 0.0345038	 -0.513075	 635.104	  
DIPalp16_1_d_4.jpg	0.0998133	 0.336425	 -0.0997739	 0.332479	 -0.00126575	 -0.0466295	 0.258882	 0.10563	 0.081612	 0.104604	 0.251259	 -0.265717	 -0.0817887	 0.119014	 -0.260422	 0.112397	 -0.252708	 -0.256069	 0.00439208	 -0.542132	 716.409	  
DIPalp16_1_d_5.jpg	0.094863	 0.358207	 -0.0765662	 0.356783	 0.0198713	 0.075937	 0.223538	 0.0831347	 0.0708971	 0.0746506	 0.245501	 -0.276042	 -0.0866456	 0.0737174	 -0.255207	 0.0785744	 -0.236603	 -0.272996	 0.000350688	 -0.551966	 647.712	  
DIPalp16_2_d_1.jpg	0.0964285	 0.315726	 -0.097546	 0.318343	 0.00018401	 -0.00662484	 0.273855	 0.108055	 0.10425	 0.113445	 0.242848	 -0.303712	 -0.101185	 0.116658	 -0.28123	 0.130354	 -0.250333	 -0.291461	 0.0127276	 -0.500782	 530.048	  
DIPalp16_2_d_2.jpg	0.105328	 0.343171	 -0.0792948	 0.34463	 0.00952785	 0.0251905	 0.260733	 0.0873428	 0.0877703	 0.0887088	 0.228589	 -0.29139	 -0.0987807	 0.0921256	 -0.297008	 0.0936912	 -0.251277	 -0.268165	 0.034412	 -0.515305	 514.546	  
DIPalp16_2_d_3.jpg	0.0819045	 0.358771	 -0.0685211	 0.362648	 -0.0136534	 0.0414589	 0.253843	 0.0880428	 0.085233	 0.0938577	 0.213697	 -0.306205	 -0.0838076	 0.0924635	 -0.259735	 0.0897782	 -0.216705	 -0.301351	 0.00774405	 -0.519464	 570.903	  
DIPalp16_2_d_4.jpg	0.0920106	 0.356155	 -0.0880631	 0.362621	 -0.0112458	 0.0295129	 0.279583	 0.0781071	 0.0946004	 0.0845257	 0.224108	 -0.282446	 -0.0903978	 0.0925807	 -0.270425	 0.0941371	 -0.219008	 -0.321037	 -0.0111622	 -0.494158	 611.098	  
DIPalp16_2_d_5.jpg	0.0964033	 0.323804	 -0.0921998	 0.331393	 0.00688289	 -0.00499967	 0.265953	 0.113542	 0.0880846	 0.117066	 0.219872	 -0.264237	 -0.0830404	 0.107604	 -0.251695	 0.114391	 -0.259119	 -0.295823	 0.00885872	 -0.542742	 550.977	  
DIPalp17_d_1.jpg	0.0644596	 0.391337	 -0.0676171	 0.395508	 -0.0164409	 0.153799	 0.20376	 0.0411002	 0.0507065	 0.0520752	 0.211361	 -0.297873	 -0.0571794	 0.0563833	 -0.183959	 0.0531596	 -0.202269	 -0.29155	 -0.00282207	 -0.553938	 703.948	  
DIPalp17_d_2.jpg	0.0824787	 0.358849	 -0.0865656	 0.358084	 0.00572584	 0.0663837	 0.218612	 0.0835576	 0.0692014	 0.0857249	 0.212455	 -0.286192	 -0.0681218	 0.0908577	 -0.223496	 0.109654	 -0.20718	 -0.297928	 -0.00310981	 -0.56899	 662.568	  
DIPalp17_d_3.jpg	0.0794839	 0.359477	 -0.0840336	 0.364175	 -0.0205879	 0.0543517	 0.245025	 0.098372	 0.0983064	 0.0993877	 0.214588	 -0.272128	 -0.0589948	 0.0752987	 -0.215861	 0.0748147	 -0.241488	 -0.309267	 -0.0164378	 -0.544482	 592.995	  
DIPalp17_d_4.jpg	0.0855248	 0.366304	 -0.0792862	 0.368746	 -0.00633904	 0.0797259	 0.238091	 0.0709558	 0.0819473	 0.0730867	 0.225029	 -0.293088	 -0.0673863	 0.0715017	 -0.2369	 0.0879985	 -0.256531	 -0.313997	 0.0158517	 -0.511234	 576.482	  
DIPalp17_d_5.jpg	0.0998727	 0.349541	 -0.0741248	 0.368287	 0.00607211	 0.0628196	 0.252642	 0.0980063	 0.094352	 0.0837908	 0.211413	 -0.293528	 -0.0882724	 0.0782023	 -0.265127	 0.07427	 -0.247886	 -0.327333	 0.0110584	 -0.494056	 526.818	  
DIPalp19_d_1.jpg	0.067083	 0.345435	 -0.0846556	 0.349957	 -0.0196482	 0.024703	 0.262812	 0.0837368	 0.0761786	 0.0769769	 0.267306	 -0.27436	 -0.0815771	 0.0916119	 -0.249363	 0.101859	 -0.222594	 -0.236138	 -0.0155429	 -0.563781	 612.766	  
DIPalp19_d_2.jpg	0.103361	 0.300221	 -0.0968551	 0.306818	 -0.0171627	 -0.0450778	 0.24899	 0.142618	 0.102101	 0.141504	 0.255839	 -0.312056	 -0.0985726	 0.134224	 -0.237336	 0.138796	 -0.265973	 -0.308755	 0.00561034	 -0.498292	 504.181	  
DIPalp19_d_3.jpg	0.101726	 0.355545	 -0.0899899	 0.364081	 0.0169351	 0.0100661	 0.251816	 0.0862595	 0.0854542	 0.0784254	 0.228775	 -0.289726	 -0.0951967	 0.0904175	 -0.279978	 0.0780451	 -0.247043	 -0.246453	 0.0274999	 -0.526661	 818.374	  
DIPalp19_d_4.jpg	0.0639199	 0.350694	 -0.0837843	 0.354244	 -0.0100383	 0.043134	 0.256838	 0.0798686	 0.0736795	 0.0884857	 0.264464	 -0.263823	 -0.0711116	 0.0817003	 -0.23771	 0.08104	 -0.227511	 -0.244077	 -0.0287461	 -0.571266	 589.001	  
DIPalp19_d_5.jpg	0.0973118	 0.35462	 -0.0795531	 0.350876	 0.0158057	 0.0278143	 0.240406	 0.0956613	 0.0815616	 0.0976793	 0.227284	 -0.325883	 -0.0852715	 0.0969093	 -0.275883	 0.0857316	 -0.250371	 -0.284901	 0.0287094	 -0.498507	 487.32	  
DIPalp20_d_1.jpg	0.0792443	 0.340806	 -0.0837799	 0.345444	 0.0178696	 -0.0299139	 0.21368	 0.124417	 0.0738509	 0.121386	 0.200655	 -0.298452	 -0.0743956	 0.13073	 -0.229002	 0.122993	 -0.196419	 -0.282094	 -0.00170266	 -0.575316	 815.592	  
DIPalp20_d_2.jpg	0.114767	 0.324017	 -0.0816711	 0.329764	 0.0130825	 -0.0526901	 0.218308	 0.124236	 0.106311	 0.12476	 0.228566	 -0.250231	 -0.101045	 0.123376	 -0.265503	 0.120085	 -0.239352	 -0.288628	 0.00653654	 -0.554689	 723.443	  
DIPalp20_d_3.jpg	0.0843639	 0.322091	 -0.0923246	 0.325829	 0.00360154	 -0.0161811	 0.231597	 0.131761	 0.0785822	 0.12888	 0.218433	 -0.294725	 -0.0767867	 0.125955	 -0.225226	 0.130225	 -0.219868	 -0.279429	 -0.00237214	 -0.574407	 424.72	  
DIPalp20_d_4.jpg	0.0972189	 0.357209	 -0.0722895	 0.35839	 0.00180301	 -0.000262656	 0.198368	 0.106507	 0.0673173	 0.109168	 0.226216	 -0.303197	 -0.0841151	 0.109983	 -0.230937	 0.115225	 -0.203365	 -0.308036	 -0.000216711	 -0.544986	 442.484	  
DIPalp20_d_5.jpg	0.10567	 0.291529	 -0.0933432	 0.314104	 -0.00236192	 -0.0388917	 0.259529	 0.134447	 0.0931861	 0.125571	 0.228832	 -0.251969	 -0.0943022	 0.128946	 -0.260388	 0.13431	 -0.248665	 -0.269488	 0.011844	 -0.568558	 421.291	  
DIPalp29_d_1.jpg	0.093344	 0.33431	 -0.0935139	 0.339793	 0.00477954	 0.054303	 0.253473	 0.0788686	 0.0876617	 0.0934309	 0.265876	 -0.301074	 -0.0688671	 0.0938676	 -0.252875	 0.102037	 -0.303121	 -0.335636	 0.0132429	 -0.4599	 722.164	  
DIPalp29_d_2.jpg	0.0858298	 0.353923	 -0.0901986	 0.358772	 0.00707475	 0.0929507	 0.265283	 0.0737265	 0.080332	 0.0744175	 0.21192	 -0.304653	 -0.0790725	 0.0832128	 -0.248439	 0.0900805	 -0.244432	 -0.32401	 0.0117029	 -0.49842	 908.6	  
DIPalp29_d_3.jpg	0.0814867	 0.34929	 -0.0983146	 0.360216	 0.0110574	 0.0610499	 0.241411	 0.0729084	 0.0819195	 0.0857928	 0.266304	 -0.331788	 -0.0765806	 0.0891182	 -0.230514	 0.0828099	 -0.29346	 -0.303352	 0.01669	 -0.466045	 838.931	  
DIPalp29_d_4.jpg	0.100604	 0.343341	 -0.0885214	 0.335388	 -0.00483576	 0.0488193	 0.268419	 0.0864301	 0.085028	 0.0868053	 0.278528	 -0.296622	 -0.0841997	 0.0838972	 -0.279322	 0.0828953	 -0.27523	 -0.292031	 -0.000469041	 -0.478923	 850.799	  
DIPalp29_d_5.jpg	0.111232	 0.338441	 -0.075208	 0.334752	 0.0288557	 0.0349188	 0.276941	 0.0831867	 0.102125	 0.0828489	 0.249133	 -0.273474	 -0.116313	 0.0863754	 -0.302427	 0.0774486	 -0.305941	 -0.310567	 0.0316026	 -0.45393	 762.171	  
DIPalp2_d_1.jpg	0.0848592	 0.357088	 -0.0887168	 0.357817	 -0.00673475	 -0.0218298	 0.259535	 0.107773	 0.0837892	 0.102081	 0.202138	 -0.292718	 -0.0812062	 0.104917	 -0.254791	 0.103502	 -0.196354	 -0.269617	 -0.00251804	 -0.549014	 466.65	  
DIPalp2_d_2.jpg	0.0844674	 0.388194	 -0.0730365	 0.392213	 0.00396777	 0.0523064	 0.147061	 0.0901844	 0.0703165	 0.0884014	 0.163427	 -0.283765	 -0.0525633	 0.0893858	 -0.160094	 0.0907267	 -0.190935	 -0.316953	 0.00738905	 -0.590693	 521.072	  
DIPalp2_d_3.jpg	0.0874026	 0.355232	 -0.0970512	 0.359489	 -0.00964382	 -0.0365424	 0.22937	 0.109401	 0.074848	 0.126422	 0.187341	 -0.285644	 -0.0690945	 0.113381	 -0.218458	 0.117556	 -0.170511	 -0.278656	 -0.0142028	 -0.580639	 456.855	  
DIPalp2_d_4.jpg	0.0740212	 0.358673	 -0.0976588	 0.361922	 -0.0192168	 0.0146941	 0.189929	 0.109995	 0.0530873	 0.111767	 0.186413	 -0.296044	 -0.057715	 0.11351	 -0.151098	 0.114514	 -0.161228	 -0.263861	 -0.0165347	 -0.625172	 462.429	  
DIPalp2_d_5.jpg	0.108872	 0.3183	 -0.106244	 0.336905	 -0.00480449	 -0.0871053	 0.232562	 0.133116	 0.095524	 0.143451	 0.205941	 -0.270738	 -0.0924763	 0.135016	 -0.217448	 0.138828	 -0.226248	 -0.294838	 0.00432148	 -0.552933	 425.104	  
DIPalp30_1_d_1.jpg	0.081067	 0.354583	 -0.0744578	 0.365191	 -0.00970001	 0.109094	 0.202399	 0.0800449	 0.0588606	 0.0785177	 0.249528	 -0.296557	 -0.0605413	 0.0792539	 -0.196799	 0.0849186	 -0.247488	 -0.311584	 -0.00286851	 -0.543462	 829.117	  
DIPalp30_1_d_2.jpg	0.0963801	 0.379523	 -0.0800758	 0.388799	 -0.00646439	 0.0805107	 0.215002	 0.0679867	 0.0822076	 0.0667293	 0.19519	 -0.287339	 -0.0858783	 0.0673271	 -0.216018	 0.0782027	 -0.222787	 -0.296847	 0.0224442	 -0.544892	 821.09	  
DIPalp30_1_d_3.jpg	0.0798525	 0.359524	 -0.0976786	 0.36081	 0.00380967	 0.0426089	 0.203788	 0.101402	 0.0704579	 0.0972995	 0.204557	 -0.30198	 -0.0540045	 0.0928797	 -0.1981	 0.106921	 -0.214431	 -0.27809	 0.00174896	 -0.581374	 788.895	  
DIPalp30_1_d_4.jpg	0.0797986	 0.3683	 -0.0901471	 0.370776	 -0.00505032	 0.0508026	 0.196443	 0.102324	 0.0687534	 0.0934913	 0.214188	 -0.294203	 -0.0516184	 0.0924014	 -0.179084	 0.0881855	 -0.217725	 -0.302129	 -0.0155588	 -0.569949	 865.39	  
DIPalp30_1_d_5.jpg	0.0945303	 0.374749	 -0.081432	 0.381225	 0.01748	 0.0191491	 0.204585	 0.0858812	 0.0706276	 0.0859838	 0.195877	 -0.281889	 -0.0691781	 0.091129	 -0.240674	 0.0877857	 -0.203406	 -0.276849	 0.0115912	 -0.567165	 829.162	  
DIPalp31_1_d_1.jpg	0.0973674	 0.3617	 -0.0824306	 0.358782	 0.00727428	 0.0426712	 0.252371	 0.0926609	 0.0845627	 0.0880586	 0.225143	 -0.280191	 -0.0798243	 0.079259	 -0.266847	 0.0673786	 -0.238811	 -0.278316	 0.00119521	 -0.532004	 923.405	  
DIPalp31_1_d_2.jpg	0.0831698	 0.399335	 -0.0814262	 0.400466	 0.0182107	 0.0348768	 0.225	 0.0611174	 0.0655127	 0.0661507	 0.209936	 -0.274616	 -0.0630042	 0.0585967	 -0.222536	 0.0687729	 -0.248957	 -0.291491	 0.0140944	 -0.523209	 777.738	  
DIPalp31_1_d_3.jpg	0.068105	 0.405558	 -0.0776825	 0.4066	 -0.00740597	 0.120248	 0.204428	 0.044114	 0.0483586	 0.0521176	 0.201835	 -0.318633	 -0.0583992	 0.0528807	 -0.184623	 0.0606709	 -0.202049	 -0.289342	 0.00743156	 -0.534214	 871.108	  
DIPalp31_1_d_4.jpg	0.0770832	 0.341878	 -0.0954236	 0.361148	 -0.014003	 0.0389551	 0.251212	 0.0931811	 0.0659352	 0.0949251	 0.251446	 -0.28371	 -0.0576182	 0.0923066	 -0.210042	 0.102565	 -0.249224	 -0.31051	 -0.0193654	 -0.530739	 793.373	  
DIPalp31_1_d_5.jpg	0.100995	 0.358706	 -0.0943587	 0.368895	 0.00419193	 0.0238494	 0.231623	 0.0816998	 0.0759685	 0.081375	 0.247729	 -0.282122	 -0.0746711	 0.0834709	 -0.243829	 0.0970312	 -0.254248	 -0.293815	 0.0065995	 -0.51909	 803.164	  
DIPalp34_2_d_1.jpg	0.107511	 0.349455	 -0.0817412	 0.357803	 0.0217853	 0.038801	 0.221755	 0.0887754	 0.0741615	 0.088788	 0.251481	 -0.277831	 -0.0698612	 0.0911808	 -0.265066	 0.0935779	 -0.25915	 -0.330159	 -0.0008758	 -0.50039	 840.144	  
DIPalp34_2_d_2.jpg	0.0889517	 0.34158	 -0.0838316	 0.351004	 -0.00374784	 0.0420235	 0.222721	 0.116376	 0.0555003	 0.103808	 0.234967	 -0.331438	 -0.056742	 0.105698	 -0.229507	 0.108519	 -0.226124	 -0.317312	 -0.00218722	 -0.520258	 908.794	  
DIPalp34_2_d_3.jpg	0.0919329	 0.347023	 -0.084515	 0.346395	 0.0121097	 0.0877827	 0.239881	 0.0874441	 0.0806288	 0.0769588	 0.262285	 -0.306111	 -0.0777973	 0.0736701	 -0.248359	 0.0745338	 -0.292943	 -0.291426	 0.0167769	 -0.496271	 839.707	  
DIPalp34_2_d_4.jpg	0.093716	 0.340469	 -0.0819793	 0.344479	 0.0124512	 -0.00152432	 0.215571	 0.122698	 0.0789862	 0.112262	 0.228815	 -0.334724	 -0.080862	 0.118791	 -0.241894	 0.117993	 -0.239744	 -0.316305	 0.0149395	 -0.504139	 819.703	  
DIPalp34_2_d_5.jpg	0.0869529	 0.346507	 -0.0735481	 0.349255	 0.00612634	 0.0969681	 0.194118	 0.0852426	 0.0579728	 0.0822582	 0.269281	 -0.306251	 -0.0568772	 0.0810355	 -0.222638	 0.0870642	 -0.279003	 -0.286228	 0.0176159	 -0.535852	 940.667	  
DIPalp5_d_1.jpg	0.0952252	 0.332801	 -0.0875166	 0.333507	 0.0079152	 0.0159785	 0.249907	 0.105661	 0.0596025	 0.103375	 0.236396	 -0.264307	 -0.065761	 0.100839	 -0.260527	 0.116694	 -0.23185	 -0.279111	 -0.00339222	 -0.565438	 662.131	  
DIPalp5_d_2.jpg	0.0786947	 0.308915	 -0.104599	 0.328187	 -0.00823902	 0.0254322	 0.309075	 0.0848477	 0.080799	 0.093263	 0.311895	 -0.27728	 -0.0756069	 0.0914113	 -0.28074	 0.101931	 -0.280823	 -0.284729	 -0.0304556	 -0.471978	 608.562	  
DIPalp5_d_3.jpg	0.0727591	 0.368209	 -0.0796298	 0.366816	 -0.00237779	 0.127522	 0.271163	 0.0443531	 0.0808162	 0.0555944	 0.247537	 -0.282875	 -0.0696204	 0.0478146	 -0.258433	 0.0607571	 -0.261058	 -0.296202	 -0.00115643	 -0.491989	 617.375	  
DIPalp5_d_4.jpg	0.0777362	 0.37125	 -0.0822296	 0.378293	 -0.0081524	 0.111819	 0.251639	 0.0648906	 0.0595922	 0.0638798	 0.214764	 -0.311885	 -0.0670044	 0.0678313	 -0.232472	 0.0818826	 -0.20972	 -0.317709	 -0.00415249	 -0.510251	 718.642	  
DIPalp6_d_1.jpg	0.0945544	 0.368356	 -0.0883449	 0.367427	 -0.00136369	 0.0629471	 0.223885	 0.0801008	 0.0879181	 0.0796868	 0.205453	 -0.274572	 -0.078052	 0.0845252	 -0.228454	 0.0843227	 -0.218316	 -0.291223	 0.00272019	 -0.561571	 831.209	  
DIPalp6_d_2.jpg	0.0984378	 0.330715	 -0.0749727	 0.334048	 -0.00291423	 0.000152768	 0.249454	 0.105926	 0.0760364	 0.106345	 0.254371	 -0.271526	 -0.0813439	 0.10964	 -0.25329	 0.115884	 -0.273287	 -0.3198	 0.00750868	 -0.511384	 686.203	  
DIPalp6_d_3.jpg	0.0741576	 0.313167	 -0.0829336	 0.322837	 0.00724338	 0.0329538	 0.200189	 0.121648	 0.0689209	 0.127246	 0.230553	 -0.272574	 -0.0503582	 0.125897	 -0.194852	 0.138516	 -0.238172	 -0.323185	 -0.0147478	 -0.586505	 806.92	  
DIPalp6_d_4.jpg	0.09836	 0.35798	 -0.08257	 0.364414	 0.0100781	 0.027586	 0.217721	 0.0942424	 0.0627243	 0.0909695	 0.241007	 -0.322373	 -0.0850862	 0.0970926	 -0.256643	 0.0939756	 -0.212814	 -0.276699	 0.00722215	 -0.527188	 845.385	  
DIPalp6_d_5.jpg	0.0900159	 0.350931	 -0.0729222	 0.356155	 -0.00049985	 -0.0140001	 0.184409	 0.127854	 0.0745289	 0.12652	 0.176657	 -0.29222	 -0.0667507	 0.124287	 -0.196006	 0.117106	 -0.194207	 -0.313928	 0.00477456	 -0.582704	 828.314	  
DIPalp8_d_1.jpg	0.0671698	 0.367982	 -0.0757888	 0.371649	 0.0048757	 0.075358	 0.208564	 0.105641	 0.0581183	 0.0942831	 0.166468	 -0.309247	 -0.0577254	 0.0871098	 -0.182226	 0.0984206	 -0.18673	 -0.314389	 -0.00272611	 -0.576808	 985.975	  
DIPalp8_d_2.jpg	0.0779333	 0.363514	 -0.0794257	 0.367402	 0.00847267	 0.0513495	 0.223593	 0.0944024	 0.0669322	 0.0848949	 0.185202	 -0.251462	 -0.0666699	 0.0923127	 -0.205567	 0.0936866	 -0.196711	 -0.297597	 -0.0137599	 -0.598504	 972.003	  
DIPalp8_d_3.jpg	0.0719243	 0.333513	 -0.0703573	 0.335174	 0.0125395	 0.0323968	 0.260538	 0.0925081	 0.0533412	 0.0975321	 0.230106	 -0.25087	 -0.06277	 0.105587	 -0.243789	 0.115756	 -0.256341	 -0.297405	 0.00480857	 -0.564192	 801.297	  
DIPalp8_d_4.jpg	0.076187	 0.354277	 -0.0693524	 0.364096	 0.013162	 0.0118432	 0.216683	 0.110921	 0.0663593	 0.105266	 0.180596	 -0.272149	 -0.0705236	 0.103771	 -0.216279	 0.103581	 -0.201354	 -0.287266	 0.00452217	 -0.594341	 899	  
DIPalp8_d_5.jpg	0.074406	 0.378581	 -0.072018	 0.378368	 0.0108695	 0.060428	 0.222222	 0.0888571	 0.0535036	 0.0827931	 0.187864	 -0.289375	 -0.0657689	 0.0826194	 -0.207344	 0.0824131	 -0.204851	 -0.297705	 0.00111699	 -0.56698	 1031.25	  
DIPalp93_d_1.jpg	0.0792906	 0.301892	 -0.0668979	 0.299408	 0.0178101	 -0.0255353	 0.25447	 0.127593	 0.0787082	 0.126203	 0.252722	 -0.239558	 -0.0773381	 0.124084	 -0.260694	 0.130873	 -0.283911	 -0.282865	 0.0058403	 -0.562095	 506.862	  
DIPalp93_d_2.jpg	0.0846763	 0.324095	 -0.0917183	 0.332013	 -0.0137531	 -0.0211908	 0.243564	 0.123459	 0.0669482	 0.122185	 0.246537	 -0.288644	 -0.0709291	 0.125498	 -0.225528	 0.121855	 -0.225923	 -0.277291	 -0.0138727	 -0.561979	 543.805	  
DIPalp93_d_3.jpg	0.083582	 0.349331	 -0.0710678	 0.350456	 0.00285609	 0.0241059	 0.197374	 0.117548	 0.042664	 0.110425	 0.227396	 -0.290968	 -0.0481089	 0.104899	 -0.206853	 0.110178	 -0.22221	 -0.30007	 -0.00563284	 -0.575905	 484.954	  
DIPalp93_d_4.jpg	0.100904	 0.321077	 -0.0852276	 0.322719	 0.00227722	 -0.0601986	 0.234028	 0.129957	 0.0821686	 0.132199	 0.219061	 -0.274343	 -0.0621759	 0.124777	 -0.260718	 0.135996	 -0.253397	 -0.282606	 0.02308	 -0.549578	 408.44	  
DIPalp93_d_5.jpg	0.0767124	 0.33889	 -0.0738316	 0.340779	 0.0104467	 -0.0138435	 0.244518	 0.105556	 0.0509277	 0.105296	 0.23726	 -0.258673	 -0.0593594	 0.101302	 -0.233778	 0.129033	 -0.261889	 -0.290052	 0.00899353	 -0.558289	 743.91	  
DIPalp94_d_1.jpg	0.0984525	 0.331285	 -0.0747544	 0.337088	 0.0238718	 0.0182432	 0.264508	 0.103782	 0.0963257	 0.088914	 0.272178	 -0.283792	 -0.102075	 0.0849873	 -0.293464	 0.0765837	 -0.302582	 -0.279012	 0.0175396	 -0.478079	 433.38	  
DIPalp94_d_2.jpg	0.0868025	 0.34491	 -0.0763221	 0.344482	 0.0197712	 0.0544977	 0.220934	 0.0910398	 0.0811189	 0.0885547	 0.26858	 -0.304998	 -0.0841298	 0.0902401	 -0.245175	 0.104648	 -0.277955	 -0.32126	 0.0063744	 -0.492115	 472.03	  
DIPalp94_d_3.jpg	0.0863963	 0.332332	 -0.0942026	 0.341328	 -0.00512737	 0.0399082	 0.26806	 0.0721069	 0.0807845	 0.0794131	 0.325125	 -0.307748	 -0.0680378	 0.0751382	 -0.265209	 0.0962801	 -0.324304	 -0.318658	 -0.00348414	 -0.410099	 459.146	  
DIPalp94_d_4.jpg	0.0785988	 0.349066	 -0.0714453	 0.358305	 0.0224906	 0.0324104	 0.233909	 0.081028	 0.0578034	 0.0828347	 0.276093	 -0.310151	 -0.0800615	 0.088543	 -0.262259	 0.109957	 -0.26075	 -0.305828	 0.00562116	 -0.486165	 479.691	  
DIPalp94_d_5.jpg	0.0997307	 0.281811	 -0.0845058	 0.289136	 0.0269532	 -0.0272695	 0.284971	 0.119544	 0.0979491	 0.116213	 0.267393	 -0.272939	 -0.102313	 0.123711	 -0.315815	 0.142035	 -0.301773	 -0.290856	 0.02741	 -0.481385	 374.38	  
DIPalp95_d_1.jpg	0.102514	 0.295116	 -0.113083	 0.309047	 -0.0142018	 -0.0594482	 0.235236	 0.141085	 0.0933575	 0.134177	 0.281983	 -0.266057	 -0.098013	 0.135077	 -0.215625	 0.145098	 -0.236472	 -0.279837	 -0.0356954	 -0.554257	 601.739	  
DIPalp95_d_2.jpg	0.0947001	 0.322287	 -0.086709	 0.341759	 -0.0171613	 -0.0535473	 0.221833	 0.128411	 0.0759162	 0.126415	 0.270922	 -0.28643	 -0.0764847	 0.123228	 -0.209132	 0.128404	 -0.264287	 -0.313494	 -0.00959678	 -0.517032	 625.426	  
DIPalp95_d_3.jpg	0.113758	 0.306731	 -0.0891069	 0.310067	 0.00829695	 -0.0789474	 0.209155	 0.14022	 0.0958009	 0.130471	 0.276741	 -0.263235	 -0.0815414	 0.129151	 -0.238974	 0.137993	 -0.308768	 -0.301257	 0.0146387	 -0.511193	 621.507	  
DIPalp95_d_4.jpg	0.0808349	 0.301376	 -0.0993729	 0.316667	 0.0067798	 -0.074798	 0.264679	 0.118856	 0.0802976	 0.123157	 0.282415	 -0.30238	 -0.0850197	 0.142047	 -0.24982	 0.147928	 -0.287366	 -0.294547	 0.00657269	 -0.478306	 619.279	  
DIPalp95_d_5.jpg	0.1076	 0.319903	 -0.1052	 0.32161	 -0.00372367	 -0.0790891	 0.257051	 0.123052	 0.100841	 0.119157	 0.274327	 -0.290702	 -0.101621	 0.12593	 -0.250967	 0.121979	 -0.290213	 -0.277592	 0.011905	 -0.484249	 582.686	  
DIPalp96_d_1.jpg	0.0794926	 0.373916	 -0.0895074	 0.376133	 -0.00476823	 0.131305	 0.189489	 0.0670092	 0.0668573	 0.0606436	 0.249186	 -0.271864	 -0.0625988	 0.0563823	 -0.18184	 0.0645769	 -0.211821	 -0.280712	 -0.0344895	 -0.57739	 1154.72	  
DIPalp96_d_2.jpg	0.0902696	 0.38903	 -0.0874772	 0.395845	 0.0100824	 0.138	 0.192186	 0.0410847	 0.065482	 0.0460875	 0.226308	 -0.28531	 -0.0703445	 0.0518368	 -0.201602	 0.0567576	 -0.226225	 -0.295291	 0.00131985	 -0.53804	 1098	  
DIPalp96_d_3.jpg	0.100364	 0.38374	 -0.105794	 0.395908	 0.00657273	 0.0934497	 0.217427	 0.0391921	 0.0815737	 0.0438412	 0.244237	 -0.25318	 -0.0993282	 0.046964	 -0.214647	 0.0539783	 -0.222742	 -0.242313	 -0.00766224	 -0.561581	 978.426	  
DIPalp96_d_4.jpg	0.0795146	 0.411952	 -0.0913294	 0.405986	 -0.00937075	 0.0657633	 0.19893	 0.058007	 0.0626145	 0.0551041	 0.20906	 -0.292099	 -0.0690964	 0.0606406	 -0.177449	 0.0644868	 -0.193578	 -0.270878	 -0.00929533	 -0.558963	 1070.9	  
DIPalp96_d_5.jpg	0.0903586	 0.380326	 -0.0705101	 0.389492	 0.0216048	 0.123853	 0.152913	 0.0535382	 0.056358	 0.057014	 0.233383	 -0.302078	 -0.0677937	 0.0609572	 -0.204668	 0.0743173	 -0.234724	 -0.287708	 0.0230776	 -0.549713	 1086.95	  
DIPalpH15_49_d_1.jpg	0.0806936	 0.322425	 -0.0861946	 0.327354	 0.00739915	 -0.00766243	 0.252519	 0.11582	 0.0820027	 0.120856	 0.238597	 -0.294091	 -0.0577826	 0.121354	 -0.24996	 0.130661	 -0.267357	 -0.335431	 8.25138e-05	 -0.501286	 551.027	  
DIPalpH15_49_d_2.jpg	0.0845405	 0.353583	 -0.0658665	 0.368249	 0.0129506	 0.0685999	 0.229318	 0.0897366	 0.0537817	 0.0903902	 0.208987	 -0.319255	 -0.0637647	 0.0908278	 -0.253395	 0.0946684	 -0.225163	 -0.320773	 0.0186105	 -0.516027	 638.041	  
DIPalpH15_49_d_3.jpg	0.083984	 0.352246	 -0.0790412	 0.354862	 0.00334507	 0.0158651	 0.254372	 0.101423	 0.0684219	 0.101603	 0.217702	 -0.282217	 -0.0670265	 0.0999622	 -0.251347	 0.100083	 -0.221988	 -0.307143	 -0.008422	 -0.536686	 613.446	  
DIPalpH15_49_d_4.jpg	0.0745035	 0.369077	 -0.0736922	 0.367885	 0.00206708	 0.0680917	 0.250334	 0.0871015	 0.068831	 0.0773152	 0.224333	 -0.310229	 -0.0652058	 0.0859522	 -0.240516	 0.0858448	 -0.227711	 -0.341038	 -0.0129435	 -0.490001	 627.564	  
DIPalpH15_49_d_5.jpg	0.0797912	 0.350634	 -0.093344	 0.351642	 -0.0311441	 0.0170549	 0.265479	 0.0899799	 0.0736483	 0.102258	 0.228063	 -0.284175	 -0.0697373	 0.106262	 -0.22627	 0.113864	 -0.203671	 -0.304651	 -0.0228149	 -0.542868	 676.378	  
DIPcom1_d_1.jpg	0.0486279	 0.466784	 -0.0606346	 0.459776	 -0.000409821	 -0.0437612	 0.218211	 0.00915606	 0.081727	 0.00610541	 0.226246	 -0.203267	 -0.0749513	 0.0171091	 -0.212105	 0.0206963	 -0.210695	 -0.205807	 -0.0160158	 -0.526791	 749.448	  
DIPcom1_d_2.jpg	0.0459144	 0.417328	 -0.0622507	 0.42192	 -0.00388092	 -0.013794	 0.231859	 0.0106405	 0.0594792	 0.0171701	 0.319294	 -0.184003	 -0.0710084	 0.0262776	 -0.216303	 0.03923	 -0.264603	 -0.205176	 -0.0385001	 -0.529593	 795.224	  
DIPcom1_d_3.jpg	0.0550632	 0.391008	 -0.0552206	 0.396719	 0.00423255	 -0.0312773	 0.233398	 0.0055052	 0.0508035	 0.0247461	 0.325456	 -0.13844	 -0.0620291	 0.0329772	 -0.224254	 0.0358592	 -0.332107	 -0.163712	 0.00465813	 -0.553385	 789.118	  
DIPcom1_d_4.jpg	0.0566413	 0.421853	 -0.0645201	 0.417533	 0.00522723	 0.0445838	 0.229623	 0.0198883	 0.0835876	 0.0100431	 0.271654	 -0.235985	 -0.0854982	 0.0238325	 -0.243059	 0.0258046	 -0.248789	 -0.198829	 -0.00486681	 -0.528726	 685.396	  
DIPcom1_d_5.jpg	0.0673791	 0.426512	 -0.0644631	 0.417089	 0.0234985	 0.0270677	 0.224443	 0.0141332	 0.0948131	 0.0103864	 0.215933	 -0.175457	 -0.0687515	 0.0185595	 -0.245882	 0.0254815	 -0.268899	 -0.199651	 0.0219294	 -0.564121	 734.012	  
DIPcom2_d_1.jpg	0.0571869	 0.426477	 -0.0721852	 0.427565	 -0.0115397	 -0.0535038	 0.253961	 0.0151154	 0.107803	 0.0348274	 0.273295	 -0.249971	 -0.103262	 0.0289009	 -0.2587	 0.0440702	 -0.249939	 -0.196283	 0.00338062	 -0.477199	 649.267	  
DIPcom2_d_2.jpg	0.0846227	 0.450416	 -0.0652508	 0.445794	 0.0317052	 0.0420382	 0.200393	 -0.00949327	 0.0868349	 -0.00164476	 0.192115	 -0.168637	 -0.0793557	 0.0112396	 -0.224405	 0.010304	 -0.24899	 -0.235947	 0.0223308	 -0.54407	 593.889	  
DIPcom2_d_3.jpg	0.0599906	 0.411684	 -0.0848722	 0.413367	 -0.00381967	 0.0387814	 0.23406	 0.0360178	 0.0922473	 0.0376653	 0.250163	 -0.284436	 -0.0892125	 0.0397734	 -0.22794	 0.0444353	 -0.230917	 -0.211743	 0.000299741	 -0.525545	 655.748	  
DIPcom2_d_4.jpg	0.0682226	 0.409092	 -0.0749168	 0.408756	 -0.0107443	 -0.0261273	 0.251579	 0.0165895	 0.09297	 0.03025	 0.27175	 -0.206493	 -0.0937089	 0.0452477	 -0.255092	 0.0448683	 -0.251747	 -0.183868	 0.00168668	 -0.538315	 712.59	  
DIPcom2_d_5.jpg	0.072628	 0.434378	 -0.0742636	 0.437722	 -0.0153688	 0.0631007	 0.252359	 -0.0169475	 0.0668417	 -0.00541138	 0.265117	 -0.191494	 -0.088896	 0.00494883	 -0.229302	 0.0125983	 -0.223731	 -0.219561	 -0.025384	 -0.519335	 691.737	  
DIPcom3_d_1.jpg	0.0833979	 0.419243	 -0.0719633	 0.425113	 0.0111776	 0.0971582	 0.233004	 0.00825492	 0.0749172	 0.0142286	 0.217717	 -0.251837	 -0.0845323	 0.0202538	 -0.252262	 0.0238623	 -0.233582	 -0.240243	 0.0221257	 -0.516034	 733.251	  
DIPcom3_d_2.jpg	0.0893198	 0.432497	 -0.0803017	 0.438683	 0.00516817	 0.0780053	 0.23243	 0.000336278	 0.094207	 -0.00247425	 0.215469	 -0.209912	 -0.0828646	 0.014719	 -0.239545	 0.0154658	 -0.237623	 -0.259164	 0.00374039	 -0.508156	 542.536	  
DIPcom3_d_3.jpg	0.0939643	 0.450316	 -0.0606555	 0.454925	 0.0112965	 0.113594	 0.201091	 -0.0227406	 0.0790273	 -0.0226559	 0.215402	 -0.21333	 -0.0796734	 -0.00904151	 -0.247326	 -0.00210402	 -0.226408	 -0.261379	 0.0132821	 -0.487584	 770.265	  
DIPcom3_d_4.jpg	0.0614881	 0.433482	 -0.0985657	 0.425729	 -0.0014539	 0.0858432	 0.225558	 0.00549673	 0.0907985	 0.00470664	 0.235259	 -0.249838	 -0.0631727	 0.0157408	 -0.216482	 0.0224093	 -0.223376	 -0.205966	 -0.0100539	 -0.537603	 716.146	  
DIPcom3_d_5.jpg	0.081079	 0.419886	 -0.0872487	 0.42488	 -0.0153147	 0.0320112	 0.247908	 0.0226389	 0.0885657	 0.03114	 0.249237	 -0.246047	 -0.0869563	 0.032612	 -0.226657	 0.0337837	 -0.243359	 -0.249081	 -0.0072537	 -0.501824	 558.315	  
DIPcom4_d_1.jpg	0.0543818	 0.453675	 -0.0847679	 0.458158	 -0.0146705	 0.10132	 0.242391	 -0.0229332	 0.0926671	 -0.0235623	 0.209195	 -0.247064	 -0.0633597	 -0.00440791	 -0.227423	 0.00303404	 -0.202896	 -0.225807	 -0.00551863	 -0.492413	 761.51	  
DIPcom4_d_2.jpg	0.045966	 0.451217	 -0.0443522	 0.455758	 -0.0156783	 0.234418	 0.186918	 -0.050391	 0.0691587	 -0.0375061	 0.191788	 -0.210833	 -0.0562465	 -0.0381671	 -0.178325	 -0.0320303	 -0.182504	 -0.253709	 -0.0167246	 -0.518756	 1006.28	  
DIPcom4_d_3.jpg	0.069138	 0.447238	 -0.0518061	 0.450317	 0.0149363	 0.117377	 0.187514	 -0.00498252	 0.0655014	 -0.00399918	 0.21684	 -0.28187	 -0.0795756	 0.00663718	 -0.23523	 0.00999545	 -0.206795	 -0.246898	 0.0194776	 -0.493815	 950.688	  
DIPcom4_d_4.jpg	0.0658585	 0.446183	 -0.0662506	 0.445154	 -0.0140576	 0.177169	 0.231455	 -0.0291096	 0.0789044	 -0.0332606	 0.203078	 -0.212051	 -0.0741342	 -0.0194645	 -0.217816	 -0.0195255	 -0.19134	 -0.238178	 -0.0156973	 -0.516916	 779.782	  
DIPcom4_d_5.jpg	0.0791346	 0.456675	 -0.0662194	 0.455013	 -0.00191351	 0.147331	 0.223543	 -0.0285724	 0.0711829	 -0.0307102	 0.212585	 -0.22992	 -0.0930135	 -0.0313058	 -0.227699	 -0.0345892	 -0.202343	 -0.200623	 0.00474315	 -0.503299	 854.392	  
DIPcom5_d_1.jpg	0.0930237	 0.383918	 -0.0879528	 0.389902	 0.015596	 0.0486412	 0.245968	 0.0257041	 0.127579	 0.0309507	 0.222196	 -0.18559	 -0.105806	 0.0433302	 -0.275022	 0.0585168	 -0.241312	 -0.235407	 0.00573023	 -0.559965	 576.043	  
DIPcom5_d_2.jpg	0.103984	 0.405072	 -0.0941683	 0.411907	 -0.0124416	 0.0130582	 0.264281	 0.0309902	 0.0752541	 0.0416013	 0.252657	 -0.227741	 -0.0934505	 0.0396139	 -0.249319	 0.0377777	 -0.240556	 -0.239053	 -0.00624164	 -0.513227	 545.294	  
DIPcom5_d_3.jpg	0.0939434	 0.400645	 -0.0784945	 0.400364	 0.00677569	 0.0471433	 0.264209	 0.0255605	 0.113883	 0.0189867	 0.23389	 -0.218534	 -0.114751	 0.0377999	 -0.280501	 0.0410424	 -0.250742	 -0.245732	 0.0117875	 -0.507276	 591.63	  
DIPcom5_d_4.jpg	0.086038	 0.408597	 -0.0505796	 0.40816	 0.0179136	 0.110581	 0.197787	 0.0251929	 0.0826596	 0.0248249	 0.217031	 -0.232633	 -0.073938	 0.0319996	 -0.256641	 0.0421609	 -0.234105	 -0.284732	 0.0138342	 -0.534152	 651.45	  
DIPcom5_d_5.jpg	0.0682707	 0.424988	 -0.0616624	 0.423349	 -0.00650039	 0.0958231	 0.251115	 0.0188376	 0.0715412	 0.016228	 0.212007	 -0.24645	 -0.0758063	 0.0249787	 -0.242273	 0.0193205	 -0.21434	 -0.256846	 -0.00235311	 -0.520228	 685.086	  
DIPcom6_d_1.jpg	0.0626855	 0.450324	 -0.0806912	 0.450624	 -0.0106642	 0.130016	 0.234969	 -0.0379776	 0.0796831	 -0.0141078	 0.236626	 -0.253109	 -0.0635609	 -0.00959496	 -0.238735	 -0.0146193	 -0.209494	 -0.224294	 -0.0108186	 -0.477262	 474.479	  
DIPcom6_d_2.jpg	0.0609468	 0.443619	 -0.0490847	 0.447359	 0.0153943	 0.112886	 0.211569	 -0.0129695	 0.0764073	 -0.00476395	 0.204703	 -0.214995	 -0.0642887	 1.79551e-05	 -0.235772	 0.00223448	 -0.226439	 -0.254517	 0.00656365	 -0.518871	 554.067	  
DIPcom6_d_3.jpg	0.0627411	 0.452848	 -0.0661736	 0.45351	 -0.00178938	 0.142623	 0.210811	 -0.025801	 0.0702569	 -0.0140135	 0.211755	 -0.231379	 -0.0633504	 -0.0127186	 -0.211101	 -0.00115508	 -0.200219	 -0.257047	 -0.0129296	 -0.506867	 844.762	  
DIPcom6_d_4.jpg	0.0774675	 0.416426	 -0.0603249	 0.415337	 0.0109626	 0.107389	 0.208835	 0.0428584	 0.0793372	 0.0400257	 0.189656	 -0.266448	 -0.0787653	 0.0319985	 -0.22462	 0.0264909	 -0.211395	 -0.269249	 0.00884683	 -0.544828	 486.44	  
DIPcom6_d_5.jpg	0.0677891	 0.433325	 -0.0410128	 0.439978	 0.0165865	 0.117297	 0.209832	 0.00193812	 0.0591318	 0.00256072	 0.196042	 -0.251064	 -0.0772571	 0.00710247	 -0.247747	 0.0160331	 -0.214421	 -0.241344	 0.0310563	 -0.525827	 543.354	  
DIPzeiFilzwald_d_1.jpg	0.0552351	 0.411936	 -0.0532894	 0.422628	 -0.00588229	 0.0638615	 0.194984	 0.0379594	 0.0767787	 0.0411508	 0.257089	 -0.265678	 -0.074462	 0.0486374	 -0.197514	 0.0613781	 -0.225517	 -0.316264	 -0.0274219	 -0.50561	 752.843	  
DIPzeiFilzwald_d_2.jpg	0.0698096	 0.430283	 -0.0760035	 0.440288	 -0.00438675	 0.0828596	 0.215034	 0.0113415	 0.08368	 0.00967159	 0.24829	 -0.282413	 -0.0801514	 0.0239643	 -0.221825	 0.0275805	 -0.23141	 -0.267813	 -0.00303749	 -0.475762	 656.833	  
DIPzeiFilzwald_d_3.jpg	0.0595935	 0.449263	 -0.0616224	 0.444456	 0.00115303	 0.0927369	 0.206953	 0.0115553	 0.0895614	 0.0174774	 0.197145	 -0.273391	 -0.0628707	 0.019885	 -0.220936	 0.0214552	 -0.200437	 -0.29421	 -0.00853933	 -0.489228	 723.954	  
DIPzeiFilzwald_d_4.jpg	0.062924	 0.427932	 -0.075569	 0.430376	 -0.0100292	 0.0557256	 0.211896	 0.0404451	 0.0625686	 0.0470208	 0.223322	 -0.324884	 -0.0719034	 0.0475667	 -0.201126	 0.0446507	 -0.197802	 -0.270141	 -0.00428135	 -0.498692	 711.181	  
DIPzeiFilzwald_d_5.jpg	0.0665557	 0.448626	 -0.0619505	 0.453417	 0.00562137	 0.0737665	 0.213846	 0.00443294	 0.0853402	 0.00922361	 0.205048	 -0.260332	 -0.0751082	 0.0171133	 -0.225795	 0.0148436	 -0.218701	 -0.276029	 0.00514248	 -0.485061	 654.367	  
DIPcomSportplatz	0.0694538	 0.463991	 -0.0541744	 0.464055	 0.0077358	 0.0765633	 0.203773	 0.00487021	 0.0737212	 0.00252052	 0.224576	 -0.277241	 -0.078015	 -0.000645435	 -0.210669	 -0.0054892	 -0.23589	 -0.294275	 -0.000512469	 -0.43435	 784.777	  
DIPcomSportplatz	0.0589284	 0.42355	 -0.0649343	 0.42505	 -0.010025	 0.0746358	 0.226561	 0.022253	 0.0816886	 0.0251252	 0.248538	 -0.246885	 -0.0594163	 0.0251138	 -0.224441	 0.0424901	 -0.230476	 -0.292073	 -0.0264232	 -0.499259	 759.922	  
DIPcomSportplatz	0.0540274	 0.421516	 -0.065518	 0.422233	 -0.0123847	 0.0816571	 0.226415	 0.0316162	 0.083207	 0.029848	 0.231068	 -0.287649	 -0.0862269	 0.0361195	 -0.214929	 0.0434604	 -0.203628	 -0.262707	 -0.0120299	 -0.516094	 761.203	  
DIPcomSportplatz	0.0723555	 0.446953	 -0.0731476	 0.441561	 0.0098712	 0.0392892	 0.232484	 0.0156613	 0.0818024	 0.014399	 0.21447	 -0.270733	 -0.0921714	 0.0246527	 -0.232692	 0.0308192	 -0.220181	 -0.261564	 0.00721003	 -0.481038	 640.53	  
DIPcomSportplatz	0.0862904	 0.448576	 -0.0726593	 0.44817	 0.0108929	 0.0761229	 0.212591	 0.0172617	 0.0751134	 0.0172977	 0.188774	 -0.286824	 -0.0738455	 0.0185297	 -0.231305	 0.0152906	 -0.215219	 -0.279382	 0.0193669	 -0.475043	 698.445	  
DIPiss10_d_1.jpg	0.0829445	 0.399728	 -0.0774158	 0.402932	 0.00712454	 0.0765504	 0.252771	 0.03017	 0.0677993	 0.0350186	 0.2272	 -0.240708	 -0.0765591	 0.0396111	 -0.254054	 0.0446093	 -0.234204	 -0.253145	 0.00439351	 -0.534767	 935.955	  
DIPiss10_d_2.jpg	0.0825626	 0.402031	 -0.0879116	 0.40646	 -0.00932204	 0.0323848	 0.242745	 0.0520947	 0.0781267	 0.057333	 0.22676	 -0.272165	 -0.0768398	 0.0492152	 -0.238865	 0.0589438	 -0.208811	 -0.252981	 -0.00844374	 -0.533317	 862.508	  
DIPiss10_d_3.jpg	0.0769116	 0.432732	 -0.0843426	 0.438967	 0.00465935	 0.0744002	 0.216275	 0.0289698	 0.0733011	 0.0240477	 0.187613	 -0.265332	 -0.069793	 0.0304756	 -0.217295	 0.0243704	 -0.182649	 -0.245422	 -0.00468068	 -0.543208	 881.009	  
DIPiss10_d_4.jpg	0.0685483	 0.432383	 -0.0733432	 0.434672	 -0.00753826	 0.0852487	 0.230537	 0.0138101	 0.0663666	 0.0137459	 0.222439	 -0.267629	 -0.0731833	 0.0254179	 -0.226801	 0.0277032	 -0.202067	 -0.249032	 -0.00495792	 -0.516319	 852.77	  
DIPiss10_d_5.jpg	0.0790484	 0.416363	 -0.0697271	 0.42279	 0.0219687	 0.139921	 0.213953	 0.0125804	 0.0730407	 0.0151676	 0.193947	 -0.252751	 -0.0767223	 0.0225635	 -0.234303	 0.0289074	 -0.210894	 -0.275151	 0.00968844	 -0.530391	 1022.13	  
DIPiss12_d_1.jpg	0.0741212	 0.415437	 -0.0776842	 0.407446	 0.01228	 0.0502743	 0.220844	 0.0441604	 0.0731027	 0.0361295	 0.205684	 -0.25779	 -0.0663118	 0.0483373	 -0.236895	 0.0594967	 -0.211471	 -0.248271	 0.00632915	 -0.55522	 738.204	  
DIPiss12_d_2.jpg	0.0848719	 0.388659	 -0.0653642	 0.384978	 0.0114608	 0.0538787	 0.22573	 0.0558416	 0.0974669	 0.0551952	 0.219286	 -0.248058	 -0.0904845	 0.0615146	 -0.261267	 0.0560941	 -0.235309	 -0.254822	 0.0136088	 -0.553281	 733.895	  
DIPiss12_d_3.jpg	0.084733	 0.396166	 -0.0906369	 0.40253	 -0.00194994	 0.0448256	 0.26777	 0.0475268	 0.0808191	 0.0554743	 0.230612	 -0.284083	 -0.1004	 0.0575561	 -0.245441	 0.0534226	 -0.214428	 -0.276071	 -0.0110783	 -0.497348	 689.728	  
DIPiss12_d_4.jpg	0.101082	 0.376425	 -0.0824126	 0.384621	 -0.00430878	 0.0210001	 0.26365	 0.0580152	 0.087818	 0.0616948	 0.249794	 -0.251411	 -0.105103	 0.0581004	 -0.259132	 0.0749493	 -0.256666	 -0.284569	 0.0052781	 -0.498826	 562.111	  
DIPiss12_d_5.jpg	0.0945705	 0.363969	 -0.0893989	 0.368466	 -0.00137751	 -0.00944189	 0.275453	 0.066867	 0.100482	 0.0763803	 0.23792	 -0.220263	 -0.0848195	 0.0757795	 -0.26626	 0.0776937	 -0.267398	 -0.272437	 0.000829405	 -0.527013	 782.581	  
DIPiss13_d_1.jpg	0.0858143	 0.399936	 -0.0708578	 0.410505	 0.0233879	 0.0596986	 0.229481	 0.0286171	 0.0970156	 0.0360912	 0.199167	 -0.256586	 -0.107566	 0.0456889	 -0.280612	 0.0503083	 -0.200952	 -0.229557	 0.0251231	 -0.544702	 417.888	  
DIPiss13_d_2.jpg	0.0744112	 0.400682	 -0.0826707	 0.401393	 -0.00289335	 -0.0267838	 0.235701	 0.0656242	 0.0829158	 0.0711169	 0.204775	 -0.250116	 -0.0810959	 0.0737338	 -0.227194	 0.0818598	 -0.19324	 -0.25545	 -0.0107097	 -0.562061	 439.994	  
DIPiss13_d_3.jpg	0.0826878	 0.375709	 -0.0761585	 0.378391	 0.0059556	 0.0594546	 0.236087	 0.0622384	 0.0817876	 0.0695785	 0.209733	 -0.232692	 -0.0908109	 0.0674907	 -0.228973	 0.0727244	 -0.213347	 -0.267731	 -0.00696169	 -0.585164	 434.503	  
DIPiss13_d_4.jpg	0.0642272	 0.390275	 -0.0852276	 0.398993	 -0.00111105	 0.0515229	 0.245658	 0.0417645	 0.0937785	 0.0457613	 0.237588	 -0.269114	 -0.0936778	 0.0525121	 -0.243209	 0.05411	 -0.217567	 -0.212027	 -0.000458395	 -0.553797	 421.293	  
DIPiss13_d_5.jpg	0.099568	 0.350646	 -0.0878087	 0.358358	 0.00182167	 0.0398186	 0.253224	 0.0968679	 0.0951508	 0.0988927	 0.237717	 -0.263251	 -0.0773738	 0.0686373	 -0.2647	 0.0675681	 -0.242223	 -0.280625	 -0.015376	 -0.536913	 341.644	  
DIPiss14_d_1.jpg	0.0697236	 0.403874	 -0.0787658	 0.40647	 -0.00171558	 0.108176	 0.240243	 0.0117197	 0.0768951	 0.00977689	 0.246562	 -0.244162	 -0.0829955	 0.0226763	 -0.2486	 0.0344454	 -0.225109	 -0.203196	 0.00376173	 -0.549782	 875.453	  
DIPiss14_d_2.jpg	0.0675653	 0.423328	 -0.0581128	 0.422819	 0.0128658	 0.080342	 0.223971	 0.0178376	 0.0598454	 0.0213276	 0.214552	 -0.221097	 -0.076232	 0.0238925	 -0.226855	 0.0274371	 -0.22164	 -0.234289	 0.00404038	 -0.561598	 962.769	  
DIPiss14_d_3.jpg	0.0775534	 0.390213	 -0.0642732	 0.390755	 0.0241395	 0.0697089	 0.226938	 0.0429684	 0.0736396	 0.0343205	 0.258209	 -0.249245	 -0.0707649	 0.0348252	 -0.251502	 0.0515685	 -0.30383	 -0.254738	 0.0298918	 -0.510376	 775.718	  
DIPiss14_d_4.jpg	0.0649808	 0.374208	 -0.0816474	 0.384148	 -0.0120037	 0.01849	 0.282301	 0.0313762	 0.0897155	 0.0401633	 0.299445	 -0.211896	 -0.0715819	 0.042701	 -0.274485	 0.0570663	 -0.278219	 -0.223587	 -0.0185054	 -0.51267	 762.573	  
DIPiss14_d_5.jpg	0.0636459	 0.399206	 -0.0806765	 0.408582	 -0.0186848	 0.0322663	 0.254079	 0.0310464	 0.0869519	 0.0326132	 0.254409	 -0.219	 -0.0881218	 0.0422772	 -0.235143	 0.049004	 -0.20951	 -0.211977	 -0.026949	 -0.564017	 747.902	  
DIPiss15_d_1.jpg	0.0749218	 0.40062	 -0.0783623	 0.397671	 -0.00841862	 0.0495452	 0.257558	 0.0547943	 0.0812821	 0.0549427	 0.200978	 -0.246172	 -0.0873926	 0.0545526	 -0.217496	 0.0470227	 -0.222918	 -0.253455	 -0.000151658	 -0.559521	 669.166	  
DIPiss15_d_2.jpg	0.0574839	 0.395072	 -0.0743412	 0.401144	 0.00529625	 0.0167124	 0.270472	 0.0400059	 0.0805401	 0.0519252	 0.232659	 -0.273185	 -0.0938105	 0.0595442	 -0.270983	 0.0714248	 -0.199632	 -0.24068	 -0.00768445	 -0.521964	 705.385	  
DIPiss15_d_3.jpg	0.0677345	 0.41951	 -0.0687852	 0.423435	 0.0124898	 0.0723839	 0.228448	 0.0211203	 0.0812111	 0.0262714	 0.184685	 -0.272365	 -0.0767845	 0.0366621	 -0.258876	 0.048139	 -0.195693	 -0.2362	 0.0255703	 -0.538957	 747.411	  
DIPiss15_d_4.jpg	0.0687915	 0.41603	 -0.0881066	 0.411925	 -0.00109304	 0.0488811	 0.27055	 0.0432181	 0.0759517	 0.0358346	 0.189602	 -0.25158	 -0.0809882	 0.0377653	 -0.231893	 0.0397379	 -0.198347	 -0.228616	 -0.0044672	 -0.553197	 662.746	  
DIPiss15_d_5.jpg	0.072757	 0.415017	 -0.0692658	 0.413773	 -0.00279237	 0.0668554	 0.259409	 0.0443323	 0.0899298	 0.0290571	 0.212562	 -0.27462	 -0.0866612	 0.0385409	 -0.256285	 0.039812	 -0.214861	 -0.281124	 -0.0047917	 -0.491644	 725.208	  
DIPiss16_1_d_1.jpg	0.0891799	 0.40059	 -0.0787476	 0.395141	 0.0181163	 0.0633028	 0.216142	 0.0484831	 0.0880108	 0.053019	 0.191989	 -0.244562	 -0.0863674	 0.058238	 -0.229072	 0.0603459	 -0.223381	 -0.270146	 0.0141307	 -0.564413	 756.724	  
DIPiss16_1_d_2.jpg	0.0872451	 0.406551	 -0.09036	 0.410864	 -0.00833015	 0.0517289	 0.251398	 0.0469156	 0.0825781	 0.0369428	 0.227052	 -0.25553	 -0.0901996	 0.0413679	 -0.232609	 0.0380484	 -0.217606	 -0.242953	 -0.00916838	 -0.533935	 828.372	  
DIPiss16_1_d_3.jpg	0.0816401	 0.379484	 -0.0925782	 0.387171	 -0.019288	 0.0193809	 0.253506	 0.0559484	 0.0956187	 0.0552606	 0.232854	 -0.215509	 -0.0923205	 0.0651584	 -0.231615	 0.0673311	 -0.204565	 -0.22679	 -0.0232507	 -0.587435	 804.465	  
DIPiss16_1_d_4.jpg	0.0803738	 0.433718	 -0.0777098	 0.431701	 0.00426652	 0.061945	 0.211823	 0.0179288	 0.083258	 0.0132977	 0.185875	 -0.214723	 -0.0805173	 0.0331445	 -0.216649	 0.0343709	 -0.189628	 -0.239284	 -0.00109239	 -0.572099	 816.178	  
DIPiss16_1_d_5.jpg	0.0974656	 0.428801	 -0.0943973	 0.431656	 -0.0012282	 0.0359271	 0.218512	 0.0364825	 0.0826895	 0.03551	 0.192972	 -0.253213	 -0.0785627	 0.0391841	 -0.219709	 0.0380691	 -0.199892	 -0.254407	 0.00215044	 -0.53801	 751.104	  
DIPiss17_d_1.jpg	0.0883022	 0.404551	 -0.0856961	 0.415136	 0.0135396	 0.0693096	 0.244837	 0.00944441	 0.113515	 0.020799	 0.23645	 -0.286484	 -0.100303	 0.041339	 -0.271336	 0.0565517	 -0.264742	 -0.30924	 0.0254339	 -0.421406	 656.005	  
DIPiss17_d_2.jpg	0.0901653	 0.384425	 -0.0801599	 0.390131	 0.0076786	 0.0828786	 0.244258	 0.0405961	 0.0934038	 0.045928	 0.236566	 -0.233169	 -0.0819528	 0.0432087	 -0.253472	 0.0501548	 -0.257324	 -0.27725	 0.000837594	 -0.526903	 821.58	  
DIPiss17_d_3.jpg	0.10628	 0.381059	 -0.0961916	 0.385669	 0.00261843	 0.0590134	 0.241581	 0.0394071	 0.109903	 0.0424048	 0.251706	 -0.262563	 -0.110814	 0.0545127	 -0.270712	 0.0624027	 -0.246751	 -0.254049	 0.0123792	 -0.507857	 706.089	  
DIPiss17_d_4.jpg	0.101525	 0.398827	 -0.0882567	 0.403324	 0.0223129	 0.0685721	 0.227513	 0.0331249	 0.100992	 0.0361223	 0.218634	 -0.269117	 -0.0915885	 0.0490576	 -0.2631	 0.0493094	 -0.25936	 -0.275444	 0.0313281	 -0.493776	 711.321	  
DIPiss17_d_5.jpg	0.0900043	 0.36934	 -0.0976675	 0.374431	 -0.0108193	 -0.000981216	 0.275904	 0.0698974	 0.0978555	 0.0799936	 0.242365	 -0.260538	 -0.0944343	 0.0704568	 -0.254725	 0.0824536	 -0.239426	 -0.268226	 -0.00905698	 -0.516827	 618.447	  
DIPiss19_1_d_1.jpg	0.0925744	 0.384137	 -0.102477	 0.378174	 -0.016601	 -0.0163003	 0.277538	 0.0679419	 0.106018	 0.0721189	 0.253469	 -0.251657	 -0.0973718	 0.0646257	 -0.257698	 0.0661971	 -0.228812	 -0.25254	 -0.0266398	 -0.512698	 717.498	  
DIPiss19_1_d_2.jpg	0.112887	 0.340461	 -0.10254	 0.354225	 0.0230231	 -0.0176749	 0.271699	 0.0569766	 0.106318	 0.0750726	 0.24858	 -0.181659	 -0.104644	 0.0832337	 -0.288267	 0.0878945	 -0.271214	 -0.24991	 0.00415729	 -0.548618	 697.897	  
DIPiss19_1_d_3.jpg	0.0916043	 0.383775	 -0.0841656	 0.379478	 0.0152869	 0.0244856	 0.26276	 0.0546473	 0.0996091	 0.0563322	 0.225575	 -0.222839	 -0.0847351	 0.0546624	 -0.277654	 0.0556196	 -0.254645	 -0.247344	 0.00636407	 -0.538816	 705.257	  
DIPiss19_1_d_4.jpg	0.115811	 0.361523	 -0.0910323	 0.375388	 -0.00878711	 -0.0558162	 0.250053	 0.0792148	 0.0968634	 0.0857478	 0.234284	 -0.184229	 -0.0815461	 0.0820723	 -0.255721	 0.0810185	 -0.250946	 -0.270186	 -0.00897828	 -0.554734	 723.966	  
DIPiss19_1_d_5.jpg	0.117273	 0.345793	 -0.0805903	 0.354471	 0.00817017	 -0.00688541	 0.266287	 0.0718773	 0.12004	 0.0776677	 0.241816	 -0.183333	 -0.105074	 0.0662821	 -0.305805	 0.0749607	 -0.265784	 -0.259134	 0.003667	 -0.541698	 697.438	  
DIPiss23_d_1.jpg	0.0759129	 0.379964	 -0.0855739	 0.3777	 -0.0122354	 -0.00667734	 0.248634	 0.0773359	 0.0673759	 0.0751981	 0.236476	 -0.278485	 -0.0792192	 0.0827249	 -0.237327	 0.0936207	 -0.204905	 -0.247655	 -0.00913826	 -0.553726	 606.928	  
DIPiss23_d_2.jpg	0.0898205	 0.39166	 -0.0758412	 0.381568	 0.0129399	 -0.00398774	 0.250358	 0.0758451	 0.0722644	 0.0772027	 0.195435	 -0.269469	 -0.0802367	 0.0842699	 -0.255313	 0.0791889	 -0.221715	 -0.287466	 0.0122887	 -0.528812	 628.966	  
DIPiss23_d_3.jpg	0.072015	 0.419976	 -0.0826171	 0.425004	 -0.000104374	 0.054551	 0.237554	 0.0399903	 0.0716375	 0.034807	 0.212186	 -0.30622	 -0.0786959	 0.0450073	 -0.234873	 0.0460717	 -0.202878	 -0.257211	 0.00577654	 -0.501975	 743.42	  
DIPiss23_d_4.jpg	0.0699166	 0.421629	 -0.0730697	 0.423021	 0.000143831	 0.078053	 0.223569	 0.0478488	 0.0695853	 0.0458982	 0.179684	 -0.279449	 -0.0712372	 0.0375359	 -0.206633	 0.0508459	 -0.185404	 -0.289098	 -0.00655551	 -0.536284	 825.333	  
DIPiss23_d_5.jpg	0.0725667	 0.438679	 -0.0669332	 0.440372	 -0.00461303	 0.0592419	 0.204096	 0.0431551	 0.0696024	 0.0407712	 0.187812	 -0.299944	 -0.0597302	 0.0381813	 -0.2095	 0.0415766	 -0.188573	 -0.308178	 -0.00472751	 -0.493854	 774.436	  
DIPiss2_d_1.jpg	0.0894559	 0.384918	 -0.0737733	 0.394929	 0.0161219	 0.0473438	 0.229717	 0.0371329	 0.08023	 0.0423145	 0.243003	 -0.223832	 -0.0671024	 0.0477683	 -0.262398	 0.069047	 -0.27405	 -0.271675	 0.0187965	 -0.527947	 460.527	  
DIPiss2_d_2.jpg	0.0842373	 0.366355	 -0.0502205	 0.36883	 0.0263796	 -0.0586002	 0.22335	 0.0949597	 0.0936932	 0.0950306	 0.218355	 -0.257993	 -0.083985	 0.0951278	 -0.285675	 0.092837	 -0.259462	 -0.269737	 0.0333267	 -0.52681	 416.483	  
DIPiss2_d_3.jpg	0.0751194	 0.409177	 -0.0709357	 0.419002	 -0.000100772	 0.0129403	 0.257199	 0.0495635	 0.0790442	 0.053369	 0.222904	 -0.277857	 -0.0826592	 0.0509557	 -0.260814	 0.0547613	 -0.20894	 -0.287402	 -0.0108165	 -0.484509	 433.02	  
DIPiss2_d_4.jpg	0.0879774	 0.389433	 -0.0666789	 0.404846	 0.013486	 0.0886578	 0.229952	 0.0437667	 0.106955	 0.0475727	 0.213506	 -0.266362	 -0.107033	 0.0395177	 -0.244585	 0.0461695	 -0.258603	 -0.292375	 0.0250246	 -0.501226	 490.891	  
DIPiss2_d_5.jpg	0.086998	 0.378407	 -0.0688432	 0.380896	 0.011141	 0.0152852	 0.247394	 0.0697814	 0.0866303	 0.0719591	 0.238272	 -0.254519	 -0.0835112	 0.0661295	 -0.271505	 0.0690544	 -0.249533	 -0.277989	 0.00295773	 -0.519005	 405.477	  
DIPiss4_d_1.jpg	0.0854189	 0.434231	 -0.0667944	 0.432659	 -0.00184488	 0.109836	 0.186382	 0.0350697	 0.0545464	 0.0425503	 0.174553	 -0.284421	 -0.0632208	 0.0339853	 -0.189652	 0.0354536	 -0.174534	 -0.31203	 -0.00485487	 -0.527334	 966.056	  
DIPiss4_d_2.jpg	0.0868823	 0.422344	 -0.0770431	 0.422811	 0.00404012	 0.0893352	 0.19429	 0.046002	 0.0702616	 0.0468807	 0.169743	 -0.292876	 -0.0732204	 0.0518726	 -0.192991	 0.0581873	 -0.1869	 -0.323512	 0.00493822	 -0.521044	 927.327	  
DIPiss4_d_3.jpg	0.0704031	 0.424771	 -0.0743534	 0.425799	 0.00195331	 0.0966469	 0.192049	 0.0293856	 0.0731096	 0.0299085	 0.19237	 -0.26568	 -0.0628908	 0.0401212	 -0.20335	 0.0491054	 -0.183269	 -0.274659	 -0.00602212	 -0.555399	 891.557	  
DIPiss4_d_4.jpg	0.100471	 0.417403	 -0.103055	 0.428841	 0.00329961	 0.0536052	 0.210279	 0.0408876	 0.0798454	 0.0429002	 0.201407	 -0.295556	 -0.0828287	 0.056473	 -0.205309	 0.0523948	 -0.208827	 -0.298209	 0.00471658	 -0.49874	 858.708	  
DIPiss4_d_5.jpg	0.0899631	 0.405341	 -0.092203	 0.412099	 0.0120271	 0.0445631	 0.208222	 0.0611312	 0.0842574	 0.0631985	 0.200884	 -0.304544	 -0.0694589	 0.0657619	 -0.220758	 0.064565	 -0.214625	 -0.311255	 0.00169139	 -0.500861	 806.569	  
DIPiss5_d_1.jpg	0.0799348	 0.39236	 -0.0839286	 0.400593	 0.00143348	 0.0674325	 0.240152	 0.0481106	 0.0820736	 0.0469333	 0.203955	 -0.256053	 -0.0806017	 0.0574988	 -0.236304	 0.0609877	 -0.208226	 -0.260042	 0.00151083	 -0.557821	 854.077	  
DIPiss5_d_2.jpg	0.0706601	 0.376551	 -0.0863083	 0.37386	 -0.012061	 0.0250288	 0.261455	 0.0582115	 0.0832202	 0.0622766	 0.228323	 -0.217941	 -0.0702016	 0.0738083	 -0.23722	 0.0715902	 -0.221384	 -0.234205	 -0.0164837	 -0.589181	 695.735	  
DIPiss5_d_3.jpg	0.0789546	 0.406517	 -0.0881323	 0.411091	 -0.002344	 0.020133	 0.241362	 0.0414819	 0.0942042	 0.0444108	 0.199413	 -0.248373	 -0.0964536	 0.0556912	 -0.239895	 0.0572986	 -0.189311	 -0.221922	 0.00220209	 -0.566328	 801.7	  
DIPiss5_d_4.jpg	0.0862075	 0.399154	 -0.0967808	 0.405189	 -0.0191649	 0.0431604	 0.238486	 0.0513583	 0.0820059	 0.0570678	 0.215536	 -0.275347	 -0.0757828	 0.0590058	 -0.22606	 0.0558015	 -0.198192	 -0.245016	 -0.00625487	 -0.550373	 792.139	  
DIPiss5_d_5.jpg	0.0770943	 0.416522	 -0.0868011	 0.423917	 -0.00667708	 0.0843157	 0.238293	 0.0404626	 0.0707981	 0.0465406	 0.19111	 -0.299175	 -0.0733644	 0.0423798	 -0.20808	 0.046979	 -0.199292	 -0.299531	 -0.00308034	 -0.502411	 825.114	  
DIPiss6.10.Neufu	0.0936192	 0.367168	 -0.103826	 0.371248	 0.00244017	 -0.0162119	 0.268609	 0.0664411	 0.0874143	 0.0669206	 0.241225	 -0.231736	 -0.101737	 0.0773595	 -0.253593	 0.0756003	 -0.233352	 -0.208868	 -0.000798982	 -0.567921	 612.698	  
DIPiss6.10.Neufu	0.0886004	 0.399833	 -0.0794538	 0.396032	 0.012389	 0.08651	 0.236924	 0.048397	 0.0826411	 0.0495348	 0.221574	 -0.295943	 -0.0839062	 0.04731	 -0.242745	 0.0452596	 -0.25522	 -0.28976	 0.0191956	 -0.487172	 648.434	  
DIPiss6.10.Neufu	0.0963831	 0.388195	 -0.0919505	 0.391692	 0.0154255	 0.0866909	 0.217331	 0.0531123	 0.10279	 0.056809	 0.218417	 -0.311145	 -0.079295	 0.0586199	 -0.253416	 0.0665628	 -0.240065	 -0.313622	 0.0143807	 -0.476915	 637.057	  
DIPiss6.10.Neufu	0.0950924	 0.398876	 -0.0991485	 0.402947	 -0.00673278	 0.0358619	 0.257897	 0.0466016	 0.105521	 0.0505166	 0.234971	 -0.264793	 -0.0887445	 0.0478888	 -0.241133	 0.0484546	 -0.257435	 -0.28306	 -0.000287423	 -0.483294	 597.154	  
DIPiss6.10.Neufu	0.102324	 0.386963	 -0.0758872	 0.392947	 -0.000392575	 0.0387703	 0.222283	 0.0641083	 0.0803792	 0.0664981	 0.213871	 -0.2545	 -0.078229	 0.0729856	 -0.239621	 0.0703478	 -0.229934	 -0.306645	 0.00520546	 -0.531475	 662.924	  
DIPiss6_d_1.jpg	0.0767598	 0.406296	 -0.0841228	 0.408219	 0.0136956	 0.0619447	 0.230293	 0.0367187	 0.0993982	 0.0424528	 0.197789	 -0.281995	 -0.0841575	 0.056466	 -0.239025	 0.0685768	 -0.228963	 -0.292637	 0.0183319	 -0.506041	 870.226	  
DIPiss6_d_2.jpg	0.0831227	 0.405947	 -0.0959138	 0.40555	 -0.0195162	 0.0691792	 0.262721	 0.0312246	 0.0965477	 0.0363351	 0.254017	 -0.294038	 -0.0937761	 0.0417755	 -0.232938	 0.0479381	 -0.246078	 -0.290052	 -0.00818595	 -0.45386	 703.854	  
DIPiss6_d_3.jpg	0.0843444	 0.385867	 -0.077008	 0.396434	 -0.00724801	 0.0645826	 0.243177	 0.0338811	 0.0856917	 0.0373802	 0.273335	 -0.250766	 -0.0838887	 0.0496565	 -0.250818	 0.0590619	 -0.264327	 -0.280538	 -0.00325853	 -0.495559	 723.809	  
DIPiss6_d_4.jpg	0.0729063	 0.404622	 -0.0901345	 0.40556	 -0.0179379	 0.0563216	 0.270712	 0.0207386	 0.0669511	 0.031574	 0.274387	 -0.285004	 -0.0773953	 0.0487623	 -0.23544	 0.0543558	 -0.255755	 -0.280737	 -0.00829394	 -0.456193	 828.363	  
DIPiss6_d_5.jpg	0.082818	 0.399535	 -0.0872974	 0.40183	 0.00531508	 0.0515181	 0.23789	 0.0421463	 0.102452	 0.0400448	 0.240842	 -0.285876	 -0.0950577	 0.0533743	 -0.24144	 0.0559653	 -0.260893	 -0.273811	 0.015371	 -0.484727	 717.48	  
DIPiss7_d_1.jpg	0.0980983	 0.363722	 -0.102295	 0.363724	 -0.00533901	 0.0176434	 0.285173	 0.0592095	 0.108015	 0.0621402	 0.233856	 -0.239703	 -0.112164	 0.0674386	 -0.292634	 0.0704241	 -0.206173	 -0.209238	 -0.0065373	 -0.555361	 603.896	  
DIPiss7_d_2.jpg	0.10507	 0.40296	 -0.105684	 0.408029	 -0.0139456	 0.0439428	 0.275595	 0.0306358	 0.0901351	 0.0387234	 0.2137	 -0.216911	 -0.0871778	 0.0362569	 -0.255103	 0.0299207	 -0.211473	 -0.230826	 -0.0111185	 -0.54273	 750.014	  
DIPiss7_d_3.jpg	0.0955574	 0.380303	 -0.10714	 0.375607	 -0.00621614	 0.0213147	 0.284309	 0.050024	 0.0876352	 0.0534867	 0.236807	 -0.237119	 -0.0899246	 0.0545212	 -0.273508	 0.0473969	 -0.227957	 -0.187	 0.000435966	 -0.558536	 631.391	  
DIPiss7_d_4.jpg	0.101358	 0.428705	 -0.0991609	 0.437455	 -0.0234712	 0.0648035	 0.240036	 0.0245789	 0.100994	 0.0214192	 0.206528	 -0.247494	 -0.0781065	 0.0272801	 -0.229653	 0.0292114	 -0.195537	 -0.295174	 -0.0229888	 -0.490787	 662.478	  
DIPiss7_d_5.jpg	0.0961932	 0.418013	 -0.106847	 0.424202	 -0.00778822	 0.0604311	 0.241681	 0.0286794	 0.0841592	 0.0314607	 0.217028	 -0.261284	 -0.0836852	 0.0396332	 -0.226841	 0.0447652	 -0.194673	 -0.272247	 -0.0192267	 -0.513654	 768.028	  
DIPiss8_d_1.jpg	0.0891539	 0.415067	 -0.0774469	 0.416845	 0.00121135	 0.09083	 0.232367	 0.0326385	 0.0947506	 0.03106	 0.211918	 -0.267724	 -0.0905676	 0.0317721	 -0.245583	 0.0279507	 -0.219862	 -0.269783	 0.00405817	 -0.508656	 800.096	  
DIPiss8_d_2.jpg	0.0912717	 0.404168	 -0.11642	 0.405604	 -0.0103088	 0.0236056	 0.277465	 0.0494291	 0.091486	 0.0473869	 0.215538	 -0.266005	 -0.0793164	 0.0492147	 -0.237769	 0.0501508	 -0.221959	 -0.251988	 -0.00998726	 -0.511566	 651.127	  
DIPiss8_d_3.jpg	0.0923827	 0.36197	 -0.0892139	 0.367953	 -0.0023457	 0.042595	 0.252961	 0.0580586	 0.10191	 0.0678954	 0.223693	 -0.232853	 -0.0963668	 0.0698862	 -0.266885	 0.0743717	 -0.220018	 -0.229784	 0.00388232	 -0.580092	 721.177	  
DIPiss8_d_4.jpg	0.0787474	 0.425465	 -0.0983485	 0.434197	 -0.0206491	 0.102379	 0.237571	 0.00514303	 0.0941645	 0.0134014	 0.212495	 -0.269068	 -0.0879401	 0.0209564	 -0.217673	 0.0252782	 -0.192662	 -0.237158	 -0.00570427	 -0.520594	 801.349	  
DIPiss8_d_5.jpg	0.0867215	 0.394855	 -0.0838133	 0.40313	 0.0094551	 0.0813697	 0.249619	 0.0240682	 0.0954987	 0.0336607	 0.213943	 -0.262755	 -0.105357	 0.0443611	 -0.269568	 0.050131	 -0.214299	 -0.238916	 0.0177995	 -0.529903	 791.759	  
DIPissH	0.0804702	 0.393044	 -0.0867217	 0.39439	 -0.00225965	 0.0287776	 0.246045	 0.0698782	 0.0830297	 0.0713298	 0.20441	 -0.266883	 -0.0867352	 0.064253	 -0.231443	 0.0578095	 -0.193005	 -0.250461	 -0.0137906	 -0.562138	 718.114	  
DIPissH	0.0935046	 0.403534	 -0.0839516	 0.401696	 -0.00704042	 0.0807288	 0.237125	 0.0500709	 0.0784245	 0.0484274	 0.2101	 -0.266201	 -0.0961761	 0.0495051	 -0.215923	 0.048265	 -0.212517	 -0.280678	 -0.00354628	 -0.535348	 693.092	  
DIPissH	0.0864266	 0.3895	 -0.092853	 0.390708	 -0.0205474	 0.0450782	 0.265394	 0.0575749	 0.0859459	 0.0657263	 0.223387	 -0.272765	 -0.100142	 0.0612108	 -0.237626	 0.0578747	 -0.189771	 -0.25361	 -0.020214	 -0.541298	 719.876	  
DIPissH	0.0855018	 0.411793	 -0.0919315	 0.41221	 -0.0163311	 0.0485082	 0.246213	 0.047891	 0.084654	 0.051156	 0.218028	 -0.282388	 -0.0812322	 0.054431	 -0.224065	 0.0461115	 -0.206081	 -0.281391	 -0.014755	 -0.508322	 693.216	  
DIPissH	0.0829448	 0.39212	 -0.0764242	 0.391665	 0.00926157	 0.0818044	 0.203168	 0.0569183	 0.0811434	 0.0559862	 0.203522	 -0.305389	 -0.0843226	 0.0655689	 -0.238633	 0.071274	 -0.201781	 -0.260373	 0.0211211	 -0.549575	 803.262	  
DIPoel1_d_1.jpg	0.0799705	 0.396211	 -0.0830045	 0.399968	 -0.00541891	 0.0489838	 0.232568	 0.0649613	 0.0871151	 0.066345	 0.199044	 -0.314129	 -0.0829466	 0.0640705	 -0.234211	 0.0652771	 -0.208003	 -0.269824	 0.0148862	 -0.521863	 688.024	  
DIPoel1_d_2.jpg	0.0815047	 0.414331	 -0.0900737	 0.419018	 -0.0138677	 0.0192243	 0.238275	 0.0477407	 0.0868158	 0.0550304	 0.207505	 -0.281927	 -0.0887999	 0.0557107	 -0.226885	 0.054905	 -0.186526	 -0.254929	 -0.00794826	 -0.529103	 745.941	  
DIPoel1_d_3.jpg	0.084595	 0.422178	 -0.0878426	 0.422037	 0.00231879	 0.0659574	 0.221012	 0.037245	 0.0786324	 0.0458636	 0.197222	 -0.317937	 -0.0862966	 0.0471625	 -0.230211	 0.0512948	 -0.189292	 -0.274408	 0.00986188	 -0.499394	 666.933	  
DIPoel1_d_4.jpg	0.0803718	 0.376379	 -0.0818105	 0.374972	 0.0104833	 0.0492145	 0.206219	 0.0869745	 0.0761931	 0.0855693	 0.200646	 -0.289121	 -0.0580268	 0.0855621	 -0.217413	 0.0911459	 -0.215994	 -0.304523	 -0.000668996	 -0.556174	 715.244	  
DIPoel1_d_5.jpg	0.103766	 0.379104	 -0.0877924	 0.381003	 -0.00228658	 0.044783	 0.233866	 0.0756011	 0.0901824	 0.0793419	 0.206706	 -0.276766	 -0.098229	 0.0719916	 -0.237269	 0.0742166	 -0.210297	 -0.288627	 0.00135321	 -0.540647	 647.375	  
DIPoel2_d_1.jpg	0.0952636	 0.414683	 -0.0839957	 0.415756	 0.00241641	 0.0451558	 0.181627	 0.0733587	 0.0862982	 0.0686343	 0.172272	 -0.312926	 -0.0637827	 0.0673201	 -0.196571	 0.0714128	 -0.197353	 -0.344488	 0.00382531	 -0.498906	 820.501	  
DIPoel2_d_2.jpg	0.097321	 0.403357	 -0.0981856	 0.409078	 0.00316576	 0.0751573	 0.240099	 0.0404426	 0.104934	 0.0443982	 0.206821	 -0.312488	 -0.0978135	 0.0503316	 -0.248667	 0.0547463	 -0.221604	 -0.29995	 0.013929	 -0.465073	 828.262	  
DIPoel2_d_3.jpg	0.108565	 0.414016	 -0.0989091	 0.411864	 0.00264684	 0.0708483	 0.220141	 0.0381268	 0.0964598	 0.0404369	 0.200571	 -0.303177	 -0.0915705	 0.0522983	 -0.243609	 0.053554	 -0.211683	 -0.293329	 0.0173871	 -0.484638	 776.093	  
DIPoel2_d_4.jpg	0.10183	 0.397464	 -0.104932	 0.401213	 -0.0142671	 0.0544221	 0.244021	 0.0406909	 0.105749	 0.0431976	 0.216641	 -0.257423	 -0.0995797	 0.0546761	 -0.237828	 0.058475	 -0.209969	 -0.258738	 -0.00166565	 -0.533978	 773.711	  
DIPoel2_d_5.jpg	0.102485	 0.390874	 -0.0773207	 0.389333	 0.0199339	 0.0562226	 0.231537	 0.0690477	 0.0811372	 0.0626271	 0.21417	 -0.291238	 -0.0795835	 0.0587907	 -0.279694	 0.0521934	 -0.223338	 -0.282265	 0.010673	 -0.505586	 684.251	  
DIPoel3_d_1.jpg	0.0766462	 0.364758	 -0.081628	 0.3702	 -0.00620221	 -0.0343501	 0.206672	 0.104765	 0.0687334	 0.109216	 0.1856	 -0.281498	 -0.0695354	 0.106889	 -0.209734	 0.111451	 -0.174928	 -0.24356	 0.00437517	 -0.607871	 442.054	  
DIPoel3_d_2.jpg	0.0955802	 0.391869	 -0.0759102	 0.396562	 0.0218198	 0.0482666	 0.21765	 0.061976	 0.0795699	 0.0681385	 0.201314	 -0.273664	 -0.075313	 0.0699935	 -0.24217	 0.0697927	 -0.233806	 -0.321346	 0.0112655	 -0.511589	 419.691	  
DIPoel3_d_3.jpg	0.095563	 0.367379	 -0.0868755	 0.379805	 -5.078e-05	 0.0340874	 0.221038	 0.0798787	 0.0780901	 0.091219	 0.191996	 -0.257713	 -0.0702695	 0.0854181	 -0.220758	 0.0920257	 -0.209334	 -0.301019	 0.000600358	 -0.571081	 405.011	  
DIPoel3_d_4.jpg	0.0951853	 0.401827	 -0.0730424	 0.397497	 -0.00811605	 0.0781771	 0.213034	 0.0598831	 0.0914828	 0.0648712	 0.180162	 -0.290635	 -0.0893073	 0.0649861	 -0.227965	 0.064329	 -0.188035	 -0.310485	 0.00660276	 -0.53045	 404.124	  
DIPoel3_d_5.jpg	0.0842125	 0.370053	 -0.0595648	 0.369586	 0.0152189	 0.0678297	 0.216738	 0.0761434	 0.0873956	 0.0776386	 0.204261	 -0.258929	 -0.0827864	 0.0755702	 -0.245499	 0.0828614	 -0.230761	 -0.303347	 0.0107853	 -0.557407	 417.542	  
DIPoel4_d_1.jpg	0.0809824	 0.424523	 -0.0858347	 0.427443	 0.000254829	 0.0642506	 0.204804	 0.047638	 0.0767671	 0.0486224	 0.178998	 -0.286209	 -0.0735957	 0.0505434	 -0.198059	 0.0468677	 -0.176913	 -0.28413	 -0.0074042	 -0.53955	 851.439	  
DIPoel4_d_2.jpg	0.0864133	 0.402436	 -0.0748598	 0.405908	 0.00639179	 0.0318538	 0.211558	 0.064479	 0.0830122	 0.0653134	 0.192549	 -0.248287	 -0.0782845	 0.0651477	 -0.2238	 0.067305	 -0.18734	 -0.294331	 -0.0156402	 -0.559825	 824.59	  
DIPoel4_d_3.jpg	0.0815821	 0.425904	 -0.0774031	 0.428244	 -0.00126088	 0.075771	 0.205208	 0.0414455	 0.0731503	 0.0412591	 0.180022	 -0.281682	 -0.0755743	 0.0410491	 -0.21276	 0.0408554	 -0.172582	 -0.265513	 -0.000381168	 -0.547334	 779.964	  
DIPoel4_d_4.jpg	0.0826525	 0.438934	 -0.0714263	 0.435311	 0.0182389	 0.0378609	 0.210332	 0.0318976	 0.070409	 0.0369327	 0.178246	 -0.269196	 -0.0886463	 0.0397625	 -0.224798	 0.0421848	 -0.188218	 -0.262676	 0.0132093	 -0.531012	 785.766	  
DIPoel4_d_5.jpg	0.0876505	 0.427548	 -0.0755467	 0.431036	 0.0190435	 0.0625585	 0.189563	 0.0364985	 0.0787679	 0.0403961	 0.164565	 -0.26979	 -0.0773116	 0.0475127	 -0.214271	 0.0464416	 -0.193882	 -0.276166	 0.0214209	 -0.546035	 839.641	  
DIPoel5_d_1.jpg	0.0773117	 0.409286	 -0.090042	 0.418167	 -0.0159145	 0.0435776	 0.217801	 0.0466534	 0.0841042	 0.0474648	 0.19923	 -0.236366	 -0.079954	 0.0439662	 -0.201306	 0.0424556	 -0.171409	 -0.215017	 -0.0198214	 -0.600187	 890.06	  
DIPoel5_d_2.jpg	0.0860776	 0.414147	 -0.105939	 0.414492	 0.00731896	 0.0305782	 0.226411	 0.0569056	 0.0828254	 0.0533001	 0.204506	 -0.293951	 -0.085935	 0.0574837	 -0.21541	 0.0543804	 -0.188903	 -0.254338	 -0.0109514	 -0.532998	 782.293	  
DIPoel5_d_3.jpg	0.0806513	 0.398372	 -0.0915656	 0.397785	 0.00453915	 0.0315381	 0.22483	 0.0657808	 0.0878677	 0.0659966	 0.207997	 -0.298502	 -0.0815386	 0.0689428	 -0.227025	 0.0723894	 -0.208066	 -0.269771	 0.00231071	 -0.532532	 798.549	  
DIPoel5_d_4.jpg	0.0798422	 0.428001	 -0.0917652	 0.431202	 -0.0128329	 0.034888	 0.229054	 0.0428637	 0.0694567	 0.0383095	 0.215383	 -0.297659	 -0.0861425	 0.0434358	 -0.211193	 0.0451026	 -0.181593	 -0.247784	 -0.0102091	 -0.518359	 815.757	  
DIPoel5_d_5.jpg	0.0940858	 0.384582	 -0.0902222	 0.387563	 0.00601346	 -0.0383158	 0.213735	 0.0869143	 0.0651806	 0.0804603	 0.191627	 -0.265946	 -0.0675319	 0.0929224	 -0.228293	 0.0951684	 -0.202788	 -0.242541	 0.018193	 -0.580808	 721.605	  
DIPoel6_d_1.jpg	0.0964024	 0.421939	 -0.0850673	 0.430172	 0.00550205	 0.044501	 0.200504	 0.0530781	 0.0838916	 0.0527583	 0.184839	 -0.290827	 -0.0847234	 0.0537005	 -0.212613	 0.0480342	 -0.188882	 -0.299977	 0.000146433	 -0.513378	 789.123	  
DIPoel6_d_2.jpg	0.0979378	 0.395754	 -0.0871782	 0.396564	 0.000449881	 0.0138556	 0.236913	 0.0634505	 0.101234	 0.0651766	 0.216328	 -0.274634	 -0.106482	 0.0655686	 -0.247732	 0.0629526	 -0.216211	 -0.265689	 0.00474073	 -0.522999	 707.843	  
DIPoel6_d_3.jpg	0.100653	 0.389177	 -0.0818788	 0.395736	 0.00991176	 0.00910169	 0.213927	 0.0739847	 0.0967882	 0.0727681	 0.213014	 -0.27742	 -0.0964164	 0.0702279	 -0.237867	 0.0797232	 -0.231234	 -0.29452	 0.0131029	 -0.518778	 657.359	  
DIPoel6_d_4.jpg	0.106671	 0.379565	 -0.0871171	 0.387641	 0.0208938	 -0.0329183	 0.212184	 0.0906906	 0.0878958	 0.0881669	 0.206408	 -0.291003	 -0.0881534	 0.0917425	 -0.247939	 0.0923021	 -0.233022	 -0.295382	 0.022179	 -0.510805	 675.903	  
DIPoel6_d_5.jpg	0.0902408	 0.361718	 -0.0970007	 0.382218	 -0.0201906	 -0.0524768	 0.246784	 0.103519	 0.0830175	 0.104934	 0.220262	 -0.264821	 -0.0776775	 0.0991106	 -0.209634	 0.102064	 -0.213558	 -0.2994	 -0.0222441	 -0.536866	 568.68	  
DIPtri1_d_1.jpg	0.083638	 0.474298	 -0.0486877	 0.477665	 -0.00176225	 0.0245899	 0.177534	 0.0329042	 0.072839	 0.0290859	 0.148028	 -0.265975	 -0.0835254	 0.010605	 -0.193236	 0.0068997	 -0.156567	 -0.284592	 0.00173997	 -0.505481	 718.687	  
DIPtri1_d_2.jpg	0.071624	 0.472729	 -0.0676114	 0.476002	 -0.00702993	 0.0230498	 0.197824	 0.0213432	 0.0809977	 0.0310063	 0.170443	 -0.313132	 -0.0790499	 0.0214867	 -0.19268	 0.0215456	 -0.170448	 -0.314556	 -0.00406877	 -0.439475	 624.833	  
DIPtri2_d_1.jpg	0.093353	 0.466068	 -0.0660106	 0.468464	 0.00454919	 0.038438	 0.158221	 0.0046574	 0.0854193	 0.00699107	 0.173283	 -0.202494	 -0.0757408	 0.0110473	 -0.188502	 0.0170048	 -0.187873	 -0.263423	 0.00330087	 -0.546754	 578.083	  
DIPtri2_d_2.jpg	0.07453	 0.463698	 -0.075218	 0.472044	 -0.00456469	 0.0457817	 0.161278	 0.0120486	 0.0683457	 0.0166366	 0.163805	 -0.230251	 -0.0570989	 0.0152676	 -0.158621	 0.0196442	 -0.165725	 -0.250395	 -0.00673193	 -0.564474	 581.95	  
DIPtri2_d_3.jpg	0.0773133	 0.447115	 -0.0649667	 0.448494	 -0.00565922	 0.0218964	 0.19041	 0.032258	 0.0865964	 0.0299391	 0.177972	 -0.235035	 -0.0902978	 0.0331091	 -0.196041	 0.0327054	 -0.169976	 -0.247899	 -0.00535063	 -0.562582	 520.124	  
DIPtri2_d_4.jpg	0.0728781	 0.448305	 -0.0785468	 0.442677	 0.00493263	 0.0219035	 0.171757	 0.0393182	 0.0645798	 0.0367485	 0.17977	 -0.243095	 -0.0697445	 0.0428943	 -0.163289	 0.0436206	 -0.165587	 -0.25232	 -0.0167504	 -0.580051	 587.937	  
DIPtri2_d_5.jpg	0.0862277	 0.456631	 -0.0800796	 0.462203	 0.0123692	 0.0239482	 0.169742	 0.0237528	 0.0696022	 0.0292421	 0.16228	 -0.224815	 -0.0645265	 0.025832	 -0.168249	 0.0259608	 -0.18828	 -0.263723	 0.000915432	 -0.559032	 559.183	  
DIPtri3_d_1.jpg	0.0669355	 0.414024	 -0.0696021	 0.408796	 0.0112622	 0.0211979	 0.162642	 0.081711	 0.0642569	 0.0773037	 0.139677	 -0.287891	 -0.0522322	 0.0805226	 -0.174727	 0.0790318	 -0.154916	 -0.274	 0.00670424	 -0.600696	 370.586	  
DIPtri3_d_2.jpg	0.0737368	 0.492194	 -0.0830335	 0.483752	 0.00278195	 0.0164608	 0.167238	 0.0187683	 0.0711889	 0.0160635	 0.159199	 -0.298108	 -0.0601897	 0.0163915	 -0.158724	 0.0166375	 -0.166064	 -0.292086	 -0.00613448	 -0.470074	 366.622	  
DIPtri3_d_3.jpg	0.0689698	 0.469095	 -0.061729	 0.471686	 0.0148679	 0.0184857	 0.141285	 0.0397521	 0.0604895	 0.041354	 0.122855	 -0.290324	 -0.0513399	 0.0364392	 -0.160652	 0.0386064	 -0.145813	 -0.292129	 0.0110667	 -0.532967	 420.732	  
DIPtri3_d_4.jpg	0.0825508	 0.464205	 -0.0712724	 0.465699	 0.0110413	 0.0282898	 0.157738	 0.0371896	 0.0566898	 0.0339173	 0.141838	 -0.277476	 -0.0568425	 0.0336984	 -0.172786	 0.0361048	 -0.153753	 -0.287614	 0.00479523	 -0.534014	 396.753	  
DIPtri3_d_5.jpg	0.0795587	 0.476037	 -0.0631603	 0.481025	 0.0104407	 0.00464894	 0.14169	 0.0301451	 0.0463695	 0.0284624	 0.140856	 -0.280681	 -0.056463	 0.0270421	 -0.161712	 0.0282132	 -0.159342	 -0.26267	 0.0217621	 -0.532223	 399.143	  
DIPtri4_d_1.jpg	0.0977614	 0.457775	 -0.07251	 0.460043	 0.00696951	 0.0119466	 0.15358	 0.0309494	 0.0684437	 0.0332655	 0.143082	 -0.219732	 -0.0639872	 0.0308248	 -0.179867	 0.0331233	 -0.158414	 -0.26129	 0.00494184	 -0.576906	 845.715	  
DIPtri4_d_2.jpg	0.0776562	 0.433926	 -0.0800309	 0.435897	 -0.00126988	 0.0586038	 0.167837	 0.0503081	 0.0638136	 0.0500175	 0.162519	 -0.297731	 -0.064561	 0.0542592	 -0.169751	 0.0540178	 -0.154648	 -0.280858	 -0.00156456	 -0.55844	 856.435	  
DIPtri4_d_3.jpg	0.0810985	 0.463598	 -0.0916002	 0.474014	 -0.010042	 0.0642433	 0.163017	 -0.00312699	 0.0886432	 0.00135886	 0.156515	 -0.23679	 -0.0752315	 0.0112429	 -0.160951	 0.0164131	 -0.154043	 -0.225649	 0.0025935	 -0.565304	 791.85	  
DIPtri4_d_4.jpg	0.0828325	 0.442828	 -0.0749974	 0.439326	 0.0104238	 0.0208132	 0.177816	 0.0290226	 0.0739044	 0.0407352	 0.159603	 -0.201638	 -0.0806188	 0.0264334	 -0.183781	 0.0288283	 -0.161416	 -0.209635	 -0.00376666	 -0.616713	 756.447	  
DIPtri4_d_5.jpg	0.0948048	 0.452738	 -0.0856276	 0.451756	 -0.00311673	 0.0546782	 0.176052	 0.028869	 0.0675103	 0.0282786	 0.164937	 -0.260174	 -0.0861928	 0.0373103	 -0.170755	 0.0340311	 -0.143687	 -0.277359	 -0.0139239	 -0.550129	 709.397	  
DIPtri5_d_1.jpg	0.0640907	 0.439162	 -0.0679522	 0.445667	 -0.0132163	 0.0538729	 0.169684	 0.0571374	 0.0459077	 0.0581648	 0.151497	 -0.322485	 -0.0531062	 0.0565114	 -0.150741	 0.0534865	 -0.138734	 -0.304047	 -0.00742897	 -0.537471	 727.14	  
DIPtri5_d_2.jpg	0.0723331	 0.453448	 -0.0657488	 0.455691	 -0.0022495	 0.0543332	 0.167163	 0.041571	 0.0406292	 0.0375918	 0.14146	 -0.29448	 -0.0721192	 0.0358949	 -0.156266	 0.044402	 -0.127721	 -0.268645	 0.00251842	 -0.559807	 719.208	  
DIPtri5_d_3.jpg	0.0635412	 0.424383	 -0.0747763	 0.426879	 -0.00450965	 -0.00504747	 0.172278	 0.0693443	 0.067989	 0.076621	 0.137906	 -0.28762	 -0.0428753	 0.0733968	 -0.177813	 0.083446	 -0.140203	 -0.281032	 -0.00153822	 -0.580371	 650.732	  
DIPtri5_d_4.jpg	0.0680301	 0.448971	 -0.0795995	 0.453215	 0.00314278	 0.0203676	 0.15167	 0.0473527	 0.0722998	 0.0538966	 0.125731	 -0.311336	 -0.0468579	 0.0601636	 -0.161675	 0.0691473	 -0.139882	 -0.309383	 0.00714113	 -0.532395	 704.175	  
DIPtri5_d_5.jpg	0.0834365	 0.444615	 -0.0703813	 0.45041	 -0.000694641	 0.00435511	 0.170053	 0.0531633	 0.0615464	 0.0538869	 0.142023	 -0.260847	 -0.0680459	 0.0541655	 -0.167483	 0.0535737	 -0.146649	 -0.291048	 -0.00380421	 -0.562274	 663.798	  
DIPtri6_d_1.jpg	0.0897574	 0.447132	 -0.0920521	 0.438761	 0.00651407	 0.0324199	 0.188034	 0.024281	 0.069222	 0.0296683	 0.166543	 -0.259396	 -0.0775696	 0.0405009	 -0.194615	 0.0524631	 -0.168402	 -0.24196	 0.0125681	 -0.56387	 605.611	  
DIPtri6_d_2.jpg	0.0777919	 0.458489	 -0.091795	 0.451372	 -0.00128482	 -0.0268487	 0.179412	 0.0355877	 0.0608867	 0.0344898	 0.192522	 -0.291685	 -0.0671234	 0.0473854	 -0.190553	 0.0499071	 -0.162874	 -0.220519	 0.00301783	 -0.538178	 591.531	  
DIPtri6_d_3.jpg	0.0795353	 0.446728	 -0.102906	 0.442376	 -0.00991266	 0.0105839	 0.199405	 0.0388308	 0.0960252	 0.0413321	 0.1855	 -0.318492	 -0.0702224	 0.0541207	 -0.191125	 0.0570459	 -0.187253	 -0.290188	 0.000953024	 -0.482337	 570.542	  
DIPtri6_d_4.jpg	0.103093	 0.454057	 -0.0929453	 0.454703	 0.00808365	 0.022603	 0.174506	 0.0230505	 0.0870599	 0.0196879	 0.176185	 -0.243919	 -0.0807646	 0.0258824	 -0.197584	 0.0301943	 -0.191212	 -0.243539	 0.0135784	 -0.54272	 607.364	  
DIPtri6_d_5.jpg	0.0580581	 0.476507	 -0.0755161	 0.485922	 -0.0114393	 0.0856838	 0.0692371	 0.000293422	 0.167223	 0.00177651	 0.155993	 -0.316247	 -0.0615543	 0.00951254	 -0.157757	 0.013497	 -0.152425	 -0.267939	 0.00817977	 -0.489007	 716.923	  
DIPtriAufschl_gers_ge_d_1.jpg	0.0676362	 0.450561	 -0.0676392	 0.453309	 0.00478312	 0.0564662	 0.174201	 0.0350486	 0.0785851	 0.0317309	 0.139129	 -0.255993	 -0.0481044	 0.0398198	 -0.179936	 0.04117	 -0.162147	 -0.307427	 -0.00650939	 -0.544686	 850.745	  
DIPtriAufschl_gers_ge_d_2.jpg	0.0829818	 0.462222	 -0.0668698	 0.458274	 0.0269149	 0.0611626	 0.167741	 0.0153533	 0.0812868	 0.0102212	 0.152088	 -0.244779	 -0.0791039	 0.0199635	 -0.206025	 0.0155871	 -0.174568	 -0.250822	 0.0155532	 -0.547182	 741.227	  
DIPtriAufschl_gers_ge_d_3.jpg	0.0897587	 0.458375	 -0.0726983	 0.460815	 0.0142755	 0.0777316	 0.170559	 0.0201922	 0.0658468	 0.0205113	 0.157114	 -0.252451	 -0.0723571	 0.0137911	 -0.190466	 0.0112945	 -0.160918	 -0.264956	 -0.00111479	 -0.545303	 744.957	  
DIPtriAufschl_gers_ge_d_4.jpg	0.0779445	 0.470129	 -0.0763417	 0.46331	 -0.00429177	 0.08654	 0.158423	 0.0243822	 0.0554511	 0.0271859	 0.139882	 -0.294986	 -0.0606139	 0.0209628	 -0.148817	 0.0195859	 -0.135223	 -0.286046	 -0.00641377	 -0.531064	 680.167	  
DIPzei10_d_1.jpg	0.0900498	 0.456051	 -0.0774427	 0.446608	 -0.00982021	 0.0403777	 0.219274	 0.0386106	 0.0679884	 0.0263866	 0.156465	 -0.258295	 -0.0804728	 0.0287574	 -0.209238	 0.0187655	 -0.145205	 -0.25691	 -0.0115987	 -0.540351	 620.197	  
DIPzei10_d_2.jpg	0.0799316	 0.439769	 -0.09541	 0.440623	 -0.0148042	 0.0524487	 0.222318	 0.0429606	 0.0698118	 0.0361564	 0.180117	 -0.297851	 -0.0718067	 0.0397072	 -0.192271	 0.0391849	 -0.161182	 -0.275122	 -0.0167045	 -0.517876	 564.721	  
DIPzei10_d_3.jpg	0.078152	 0.425474	 -0.0770503	 0.424437	 0.000282184	 0.0645832	 0.218065	 0.0446298	 0.0664546	 0.040049	 0.170189	 -0.266108	 -0.0655804	 0.0427351	 -0.215467	 0.0470858	 -0.175919	 -0.264852	 0.000873294	 -0.558034	 560.546	  
DIPzei10_d_4.jpg	0.0711114	 0.451591	 -0.0568195	 0.454882	 -0.0107871	 0.0263014	 0.189591	 0.0313099	 0.0629519	 0.0296989	 0.128738	 -0.211716	 -0.0685737	 0.0255662	 -0.178	 0.0241742	 -0.142857	 -0.225008	 0.00464523	 -0.606799	 813.271	  
DIPzei1_d_1.jpg	0.0698083	 0.431606	 -0.0644716	 0.431897	 -0.000209625	 0.0732144	 0.208071	 0.0412248	 0.0738334	 0.0389824	 0.157554	 -0.271238	 -0.0781759	 0.0389766	 -0.202409	 0.0445018	 -0.169218	 -0.274164	 0.00521751	 -0.555001	 394.767	  
DIPzei1_d_2.jpg	0.0783105	 0.440127	 0.0285493	 0.0327177	 -0.0526534	 0.426411	 0.192413	 0.0423853	 0.0818765	 0.0482953	 0.153245	 -0.251499	 -0.0715853	 0.0347209	 -0.224905	 0.0436444	 -0.214795	 -0.267562	 0.0295448	 -0.54924	 402.49	  
DIPzei1_d_3.jpg	0.0680034	 0.393756	 0.0014974	 -0.00344289	 -0.0603949	 0.399224	 0.199625	 0.0603599	 0.0713429	 0.0710716	 0.234772	 -0.247292	 -0.0675997	 0.0741511	 -0.209106	 0.0799102	 -0.221612	 -0.247668	 -0.0165284	 -0.58007	 381.359	  
DIPzei1_d_4.jpg	0.0787804	 0.426908	 -0.076956	 0.421497	 0.0247475	 0.0220436	 0.206167	 0.045185	 0.0992865	 0.0521086	 0.136166	 -0.264713	 -0.0796225	 0.052093	 -0.235546	 0.0582214	 -0.184336	 -0.252597	 0.0313127	 -0.560748	 346.59	  
DIPzei1_d_5.jpg	0.0788113	 0.465533	 -0.0624963	 0.473296	 0.00579427	 0.0825445	 0.169094	 0.0104772	 0.0567659	 0.00982487	 0.167001	 -0.304382	 -0.0602544	 0.014232	 -0.194432	 0.016844	 -0.183968	 -0.288723	 0.0236834	 -0.479646	 409.895	  
DIPzei2_d_1.jpg	0.0754817	 0.471611	 -0.0474079	 0.475343	 0.0143556	 0.0714297	 0.148	 0.00928643	 0.0615216	 0.0119126	 0.137468	 -0.225011	 -0.0615409	 0.00995518	 -0.16757	 0.00634158	 -0.169416	 -0.27947	 0.00910851	 -0.551398	 878.432	  
DIPzei2_d_2.jpg	0.0620373	 0.444568	 -0.0615001	 0.434799	 -0.00163817	 0.0495815	 0.1765	 0.0413847	 0.0565688	 0.041779	 0.177235	 -0.28429	 -0.0646016	 0.0408889	 -0.180702	 0.0388265	 -0.173313	 -0.234974	 0.00941354	 -0.572564	 792.294	  
DIPzei2_d_3.jpg	0.0694986	 0.445851	 -0.0615578	 0.449445	 -0.00112982	 0.0879292	 0.164367	 0.0142849	 0.0590014	 0.017467	 0.167956	 -0.248569	 -0.0658324	 0.0328167	 -0.173286	 0.0253132	 -0.16872	 -0.243022	 0.00970377	 -0.581516	 740.49	  
DIPzei2_d_4.jpg	0.0684524	 0.44318	 0.00763446	 0.073704	 -0.0669954	 0.446732	 0.18028	 0.0405258	 0.0697963	 0.0376154	 0.173455	 -0.282234	 -0.0657732	 0.0385144	 -0.170889	 0.0366873	 -0.176155	 -0.310075	 -0.0198056	 -0.52465	 752.943	  
DIPzei2_d_5.jpg	0.0731649	 0.481428	 -0.0700497	 0.477952	 0.0119248	 0.0626839	 0.163846	 0.0058182	 0.0655719	 0.00114789	 0.141178	 -0.252665	 -0.0636204	 0.00195049	 -0.184394	 0.00419652	 -0.136931	 -0.237109	 -0.00068989	 -0.545404	 712.145	  
DIPzei3_d_1.jpg	0.096607	 0.437246	 -0.100599	 0.436282	 0.00287797	 0.0642144	 0.206993	 0.0313208	 0.0922378	 0.0298195	 0.170477	 -0.266601	 -0.0872312	 0.0323213	 -0.205282	 0.0356265	 -0.175531	 -0.261428	 -0.000548939	 -0.538801	 618.657	  
DIPzei3_d_2.jpg	0.111324	 0.430786	 -0.110324	 0.43378	 -0.00295248	 0.0504179	 0.205122	 0.0251463	 0.100003	 0.0281016	 0.194795	 -0.227047	 -0.0974324	 0.0287968	 -0.197608	 0.0348501	 -0.192764	 -0.253376	 -0.0101625	 -0.551456	 618.106	  
DIPzei3_d_3.jpg	0.110071	 0.431255	 -0.0808905	 0.42956	 0.0142799	 0.0923334	 0.189967	 0.0327709	 0.092042	 0.0284776	 0.163637	 -0.248523	 -0.1091	 0.0282021	 -0.213826	 0.0254184	 -0.175654	 -0.265994	 0.00947246	 -0.5535	 591.81	  
DIPzei3_d_4.jpg	0.110443	 0.440107	 -0.110787	 0.43579	 -0.00930052	 0.0318354	 0.210101	 0.027809	 0.102789	 0.0230768	 0.185454	 -0.219695	 -0.0931644	 0.0266729	 -0.203856	 0.0203274	 -0.181485	 -0.221338	 -0.0101936	 -0.564585	 596.979	  
DIPzei3_d_5.jpg	0.109613	 0.439402	 -0.105682	 0.441239	 -0.0110855	 0.0591967	 0.196523	 0.0306969	 0.0907883	 0.0200669	 0.181742	 -0.272643	 -0.0965556	 0.0308035	 -0.202585	 0.0334133	 -0.164995	 -0.242269	 0.00223571	 -0.539906	 604.088	  
DIPzei4_d_1.jpg	0.0798027	 0.441317	 -0.090183	 0.442359	 -0.0161201	 0.0718744	 0.198371	 0.00976306	 0.108769	 0.00895889	 0.195356	 -0.243636	 -0.0879245	 0.0247818	 -0.201521	 0.0310543	 -0.180859	 -0.236999	 -0.00569085	 -0.549472	 659.287	  
DIPzei4_d_2.jpg	0.0665319	 0.472948	 -0.0659111	 0.470968	 0.00524104	 0.138033	 0.176185	 -0.00956814	 0.0578473	 -0.00881915	 0.170166	 -0.292706	 -0.0717336	 -0.00377248	 -0.183054	 -0.00729441	 -0.152275	 -0.263897	 -0.00299777	 -0.495891	 709.82	  
DIPzei4_d_3.jpg	0.0924938	 0.42372	 -0.0871237	 0.429459	 -0.00771209	 0.0767008	 0.207794	 0.0197839	 0.08919	 0.0267003	 0.168771	 -0.222873	 -0.0904774	 0.0308771	 -0.202884	 0.036032	 -0.178617	 -0.232099	 0.00856496	 -0.588301	 639.923	  
DIPzei4_d_4.jpg	0.0772406	 0.455728	 -0.0834519	 0.460687	 -0.0109238	 0.0740819	 0.189657	 0.0226429	 0.0721485	 0.0243068	 0.16398	 -0.305839	 -0.0624122	 0.0251141	 -0.187518	 0.0301797	 -0.158512	 -0.285046	 -0.000208753	 -0.501855	 646.921	  
DIPzei4_d_5.jpg	0.0820539	 0.459724	 -0.0818462	 0.461071	 0.00224	 0.0563453	 0.164023	 0.0157432	 0.0617326	 0.0181633	 0.147434	 -0.238064	 -0.0545597	 0.0203396	 -0.172277	 0.0238916	 -0.150937	 -0.236259	 0.00213624	 -0.580954	 714.06	  
DIPzei5_d_1.jpg	0.0712472	 0.461835	 -0.0644324	 0.469808	 0.0168858	 0.0475762	 0.179256	 0.0183281	 0.0786714	 0.0205091	 0.164736	 -0.318568	 -0.0789012	 0.0301914	 -0.214343	 0.0272422	 -0.172493	 -0.288756	 0.0193737	 -0.468167	 457.653	  
DIPzei5_d_2.jpg	0.0777984	 0.455148	 -0.0595183	 0.458026	 0.00944826	 0.0616217	 0.18243	 0.0193589	 0.06858	 0.0153055	 0.172338	 -0.25733	 -0.0685569	 0.0267657	 -0.2103	 0.0232969	 -0.17793	 -0.275747	 0.00570936	 -0.526446	 465.973	  
DIPzei5_d_3.jpg	0.0773484	 0.445476	 -0.0702617	 0.443695	 0.00960593	 0.0438366	 0.158891	 0.0473741	 0.0593677	 0.0450157	 0.145497	 -0.256832	 -0.0607469	 0.0421694	 -0.151935	 0.0503099	 -0.171379	 -0.288378	 0.00361228	 -0.572668	 582.613	  
DIPzei5_d_4.jpg	0.0804729	 0.422494	 -0.0751567	 0.432074	 -0.0124825	 0.048129	 0.227015	 0.0505629	 0.0629911	 0.0432002	 0.20291	 -0.296231	 -0.0827191	 0.0439702	 -0.219342	 0.0499772	 -0.171562	 -0.280813	 -0.0121276	 -0.513364	 426.381	  
DIPzei5_d_5.jpg	0.0732271	 0.437718	 -0.0762206	 0.434274	 -0.00414033	 0.012655	 0.219403	 0.048169	 0.0823046	 0.0500693	 0.183151	 -0.277592	 -0.0909308	 0.0427979	 -0.211712	 0.0448604	 -0.163037	 -0.254925	 -0.012045	 -0.538026	 433.324	  
DIPzei6_d_1.jpg	0.10854	 0.431815	 -0.108638	 0.440479	 -0.0115964	 -0.0279134	 0.214539	 0.0480202	 0.0911014	 0.0477476	 0.222128	 -0.283416	 -0.100897	 0.0404659	 -0.215191	 0.0402135	 -0.196298	 -0.234051	 -0.00368869	 -0.50336	 437.468	  
DIPzei6_d_2.jpg	0.087818	 0.415814	 -0.109704	 0.415848	 -0.00913409	 -0.00305147	 0.23123	 0.0587329	 0.0776881	 0.0669811	 0.188659	 -0.284996	 -0.0806992	 0.0674543	 -0.2018	 0.070598	 -0.167375	 -0.263902	 -0.0166833	 -0.543479	 488.153	  
DIPzei6_d_3.jpg	0.0845992	 0.442474	 -0.094757	 0.446827	 -0.00408331	 0.0206718	 0.186225	 0.0362055	 0.0703047	 0.0457356	 0.166833	 -0.277167	 -0.0583204	 0.0498818	 -0.186945	 0.054028	 -0.157476	 -0.274038	 -0.00637946	 -0.544618	 551.924	  
DIPzei6_d_4.jpg	0.0987397	 0.42841	 -0.102138	 0.442862	 -0.00410509	 0.0210642	 0.211612	 0.0340424	 0.0903273	 0.0439343	 0.197546	 -0.278485	 -0.0832487	 0.0395647	 -0.218345	 0.0538891	 -0.185259	 -0.280094	 -0.0051288	 -0.505189	 501.889	  
DIPzei6_d_5.jpg	0.0905643	 0.454887	 -0.0865956	 0.459254	 0.017272	 0.01795	 0.173044	 0.0274156	 0.0799563	 0.0320094	 0.145217	 -0.257931	 -0.0634479	 0.0307229	 -0.199726	 0.0420171	 -0.17262	 -0.264704	 0.0163355	 -0.541621	 526.728	  
DIPzei7_d_1.jpg	0.0615379	 0.450382	 -0.0756836	 0.455995	 -0.0150985	 0.122653	 0.16774	 0.0135189	 0.0501277	 0.0234639	 0.15647	 -0.297954	 -0.0555187	 0.0214141	 -0.153541	 0.019355	 -0.128818	 -0.248597	 -0.00721574	 -0.560231	 918.179	  
DIPzei7_d_2.jpg	0.0723979	 0.444077	 -0.0642942	 0.447479	 -0.00800341	 0.107313	 0.175739	 0.0125642	 0.0567961	 0.0269479	 0.160605	 -0.252064	 -0.0559464	 0.0290731	 -0.172192	 0.033328	 -0.161008	 -0.289374	 -0.00409447	 -0.559344	 879.562	  
DIPzei7_d_3.jpg	0.0709309	 0.474522	 -0.0706312	 0.476716	 0.00997175	 0.121614	 0.144421	 0.00595122	 0.0614697	 -0.00116378	 0.148756	 -0.309116	 -0.0520168	 0.00339833	 -0.168104	 0.000324535	 -0.157111	 -0.27142	 0.0123138	 -0.500826	 784.046	  
DIPzei7_d_4.jpg	0.0950344	 0.466571	 -0.0675104	 0.462378	 0.0283921	 0.0352146	 0.177817	 0.0200939	 0.0668857	 0.0185377	 0.160481	 -0.244141	 -0.0631985	 0.0186259	 -0.212436	 0.0203584	 -0.200385	 -0.293202	 0.0149195	 -0.504436	 522.795	  
DIPzei7_d_5.jpg	0.110387	 0.384614	 -0.104373	 0.397913	 -0.0113915	 -0.0328035	 0.218237	 0.0669027	 0.0908697	 0.0724249	 0.210833	 -0.241824	 -0.0743098	 0.0795865	 -0.2253	 0.0921144	 -0.228804	 -0.264634	 0.0138511	 -0.554294	 502.012	  
DIPzei8_d_1.jpg	0.0734842	 0.455855	 -0.0673563	 0.455382	 0.0064567	 0.0338684	 0.167232	 0.0380412	 0.0556249	 0.0430832	 0.114408	 -0.267846	 -0.0554365	 0.0374205	 -0.177885	 0.0445928	 -0.123184	 -0.265203	 0.00665507	 -0.575193	 746.365	  
DIPzei8_d_2.jpg	0.0680057	 0.437971	 -0.0685694	 0.433849	 -0.00812094	 0.0601156	 0.172973	 0.0433123	 0.0511858	 0.0433348	 0.154483	 -0.259659	 -0.0671835	 0.0418756	 -0.160784	 0.0451056	 -0.135363	 -0.237116	 -0.00662664	 -0.608789	 600.307	  
DIPzei8_d_3.jpg	0.074544	 0.471181	 -0.0875055	 0.470313	 -0.0172938	 0.046365	 0.177582	 0.0188577	 0.0584587	 0.0180549	 0.173563	 -0.264726	 -0.0579937	 0.0156993	 -0.153673	 0.0134196	 -0.145009	 -0.244657	 -0.022673	 -0.544508	 723.677	  
DIPzei8_d_4.jpg	0.0682424	 0.463036	 -0.0706651	 0.464475	 -0.018628	 0.0958632	 0.175298	 0.0136518	 0.0535751	 0.0149127	 0.175062	 -0.285673	 -0.0652838	 0.0161439	 -0.159828	 0.0142588	 -0.142657	 -0.263764	 -0.0151158	 -0.532904	 698.269	  
DIPzei8_d_5.jpg	0.0656661	 0.467702	 -0.0831868	 0.474786	 0.0102296	 0.0586374	 0.150442	 0.0149226	 0.0560811	 0.0118516	 0.152086	 -0.275821	 -0.0524612	 0.0210534	 -0.150711	 0.0210797	 -0.151883	 -0.237597	 0.00373699	 -0.556616	 725.225	  
DIPzei9_d_1.jpg	0.0442298	 0.442158	 -0.0469401	 0.441682	 -0.0141044	 0.0844118	 0.173115	 0.0205973	 0.047354	 0.0287826	 0.245939	 -0.305639	 -0.049677	 0.0311751	 -0.174986	 0.0454022	 -0.212903	 -0.299289	 -0.0120275	 -0.489282	 825.258	  
DIPzei9_d_2.jpg	0.049148	 0.399367	 -0.0514475	 0.398575	 0.00116827	 0.0341696	 0.175629	 0.0609693	 0.0606362	 0.0633809	 0.203464	 -0.245039	 -0.0577161	 0.0712937	 -0.185948	 0.0702846	 -0.199093	 -0.226097	 0.00415954	 -0.626904	 904.584	  
DIPzei9_d_3.jpg	0.0811715	 0.435518	 -0.0726089	 0.439012	 -0.000743822	 0.0872792	 0.199874	 0.0377387	 0.0397565	 0.033171	 0.173751	 -0.279595	 -0.0531823	 0.0387852	 -0.190907	 0.0376115	 -0.173669	 -0.293766	 -0.00344197	 -0.535754	 624.411	  
DIPzei9_d_4.jpg	0.0829584	 0.440988	 -0.0798576	 0.4441	 -0.022297	 0.0375831	 0.221051	 0.0305221	 0.0663397	 0.0350112	 0.18491	 -0.270048	 -0.0868536	 0.0362305	 -0.194736	 0.0425867	 -0.166507	 -0.263077	 -0.00500761	 -0.533897	 620.249	  
DIPzei9_d_5.jpg	0.100061	 0.463628	 -0.0965282	 0.469456	 0.00800137	 0.0363484	 0.197833	 0.00342838	 0.0827308	 0.00496875	 0.179765	 -0.271344	 -0.0897722	 0.0184698	 -0.21438	 0.026533	 -0.175132	 -0.266595	 0.00742148	 -0.484893	 625.477	  
